Area,0 to 15,16 to 64,65 to 84,85 and over,Total
E92000001,0.19126,0.62839,0.15603,0.02431,1
E12000009,0.17583,0.60634,0.18714,0.03069,1
E01015023,0.2117,0.62765,0.12794,0.0327,1
E01015024,0.13767,0.67435,0.1761,0.01188,1
E01015025,0.13562,0.51236,0.29898,0.05304,1
E01015026,0.22292,0.64106,0.1165,0.01952,1
E01015027,0.17555,0.62133,0.18095,0.02217,1
E01015028,0.23475,0.61844,0.1305,0.01631,1
E01015029,0.25861,0.6047,0.12302,0.01367,1
E01015030,0.21849,0.61249,0.14488,0.02415,1
E01015031,0.13265,0.70103,0.11753,0.0488,1
E01015032,0.08312,0.84584,0.05995,0.01108,1
E01015033,0.1738,0.60319,0.1885,0.0345,1
E01015034,0.1619,0.55757,0.21144,0.06909,1
E01015035,0.16566,0.62694,0.18788,0.01953,1
E01015036,0.18605,0.5491,0.20607,0.05879,1
E01015037,0.1828,0.59073,0.20766,0.01882,1
E01015038,0.1813,0.62771,0.16705,0.02395,1
E01015039,0.13691,0.78697,0.06846,0.00767,1
E01015040,0.2484,0.6258,0.11617,0.00963,1
E01015041,0.19659,0.6789,0.11664,0.00786,1
E01015042,0.20464,0.68076,0.11119,0.00341,1
E01015043,0.2363,0.67657,0.07789,0.00924,1
E01015044,0.13583,0.7124,0.12959,0.02218,1
E01015045,0.20999,0.68886,0.08003,0.02113,1
E01015046,0.23197,0.62532,0.13233,0.01038,1
E01015047,0.25091,0.61711,0.1252,0.00678,1
E01015048,0.23166,0.67827,0.08449,0.00557,1
E01015049,0.07532,0.84684,0.06709,0.01076,1
E01015050,0.03817,0.89402,0.05274,0.01507,1
E01015051,0.04508,0.87145,0.07346,0.01002,1
E01015052,0.0962,0.83899,0.05367,0.01114,1
E01015053,0.07963,0.8506,0.06413,0.00564,1
E01015054,0.0378,0.91339,0.04147,0.00735,1
E01015055,0.19371,0.63916,0.14476,0.02238,1
E01015056,0.15524,0.62843,0.18329,0.03304,1
E01015057,0.24222,0.60834,0.11706,0.03238,1
E01015058,0.2492,0.63327,0.10983,0.00771,1
E01015059,0.19345,0.6889,0.10855,0.0091,1
E01015060,0.20038,0.62904,0.1617,0.00888,1
E01015061,0.19437,0.7055,0.08573,0.0144,1
E01015062,0.09843,0.83547,0.05659,0.00951,1
E01015063,0.21035,0.61796,0.14941,0.02228,1
E01015064,0.13189,0.54489,0.27307,0.05015,1
E01015065,0.21141,0.51646,0.23482,0.03731,1
E01015066,0.16032,0.60469,0.21742,0.01757,1
E01015067,0.13046,0.54337,0.27481,0.05135,1
E01015068,0.19939,0.58654,0.1896,0.02446,1
E01015069,0.22259,0.61392,0.14511,0.01838,1
E01015070,0.20787,0.65098,0.12649,0.01465,1
E01015071,0.19226,0.57871,0.2,0.02903,1
E01015072,0.21348,0.6461,0.12594,0.01448,1
E01015073,0.18713,0.64167,0.15129,0.01991,1
E01015074,0.20855,0.58744,0.1807,0.02332,1
E01015075,0.20522,0.60155,0.17772,0.01551,1
E01015076,0.18506,0.62709,0.16131,0.02654,1
E01015077,0.21349,0.6187,0.13279,0.03501,1
E01015078,0.23643,0.61399,0.1351,0.01448,1
E01015079,0.20138,0.5829,0.1899,0.02582,1
E01015080,0.25664,0.63938,0.09735,0.00664,1
E01015081,0.22272,0.6037,0.14997,0.02361,1
E01015082,0.18639,0.61864,0.1721,0.02287,1
E01015083,0.17482,0.62023,0.17616,0.0288,1
E01015084,0.17523,0.58973,0.20408,0.03096,1
E01015085,0.17864,0.57851,0.20979,0.03306,1
E01015086,0.17788,0.57386,0.21887,0.02939,1
E01015087,0.25121,0.62379,0.11353,0.01147,1
E01015088,0.30127,0.60557,0.08348,0.00968,1
E01015089,0.17114,0.58294,0.20561,0.0403,1
E01015090,0.17058,0.5997,0.20697,0.02274,1
E01015091,0.13758,0.577,0.25941,0.02601,1
E01015092,0.16734,0.7,0.11457,0.01809,1
E01015093,0.1763,0.59682,0.2146,0.01228,1
E01015094,0.20446,0.56084,0.19942,0.03528,1
E01015095,0.14234,0.53942,0.3,0.01825,1
E01015096,0.18054,0.60014,0.20522,0.0141,1
E01015097,0.10065,0.51769,0.33881,0.04285,1
E01015098,0.21317,0.63489,0.1294,0.02253,1
E01015099,0.18291,0.68692,0.11682,0.01335,1
E01015100,0.17558,0.70693,0.10297,0.01452,1
E01015101,0.17515,0.52485,0.21479,0.08521,1
E01015102,0.19104,0.65602,0.13333,0.01961,1
E01015103,0.19044,0.68775,0.10834,0.01346,1
E01015104,0.20566,0.61697,0.15167,0.02571,1
E01015105,0.18557,0.67079,0.11959,0.02405,1
E01015106,0.17661,0.60143,0.19332,0.02864,1
E01015107,0.23657,0.65596,0.10092,0.00655,1
E01015108,0.25665,0.59645,0.13525,0.01164,1
E01015109,0.14306,0.70391,0.14733,0.00569,1
E01015110,0.18299,0.62951,0.1759,0.0116,1
E01015111,0.21667,0.67346,0.09938,0.01049,1
E01015112,0.20531,0.59974,0.1658,0.02915,1
E01015113,0.17769,0.57652,0.21466,0.03113,1
E01015114,0.1794,0.59215,0.19692,0.03153,1
E01015115,0.14071,0.54357,0.23214,0.08357,1
E01015116,0.18451,0.58316,0.20808,0.02424,1
E01015117,0.16794,0.62997,0.19094,0.01115,1
E01015118,0.19595,0.57901,0.18963,0.0354,1
E01015119,0.22289,0.63331,0.13841,0.00539,1
E01015120,0.17206,0.58511,0.21599,0.02685,1
E01015121,0.16632,0.50924,0.29637,0.02806,1
E01015122,0.18649,0.56815,0.20136,0.04399,1
E01015123,0.12243,0.50229,0.27517,0.10011,1
E01015124,0.16384,0.53786,0.24282,0.05548,1
E01015125,0.17193,0.56481,0.24043,0.02283,1
E01015126,0.15207,0.4535,0.30686,0.08758,1
E01015127,0.14633,0.54214,0.25961,0.05192,1
E01015128,0.13819,0.56385,0.26342,0.03455,1
E01015129,0.20827,0.65965,0.11248,0.01959,1
E01015130,0.21544,0.62267,0.15318,0.00872,1
E01015131,0.13745,0.47742,0.32205,0.06308,1
E01015132,0.16545,0.55083,0.23389,0.04983,1
E01015133,0.14792,0.53306,0.27267,0.04635,1
E01015134,0.18116,0.56311,0.19882,0.0569,1
E01015135,0.21794,0.6072,0.15003,0.02484,1
E01015136,0.16521,0.61767,0.18881,0.02832,1
E01015137,0.20072,0.60932,0.17025,0.01971,1
E01015138,0.17285,0.55616,0.25027,0.02072,1
E01015139,0.19014,0.54437,0.20775,0.05775,1
E01015140,0.18958,0.48333,0.27639,0.05069,1
E01015141,0.18037,0.51313,0.27626,0.03025,1
E01015142,0.19612,0.6237,0.16216,0.01802,1
E01015143,0.15402,0.6023,0.21839,0.02529,1
E01015144,0.23243,0.63205,0.1178,0.01773,1
E01015145,0.36926,0.59658,0.03042,0.00374,1
E01015146,0.27841,0.64864,0.07047,0.00248,1
E01015147,0.16801,0.56109,0.23714,0.03376,1
E01015148,0.19116,0.65085,0.14499,0.013,1
E01015149,0.22463,0.60555,0.14817,0.02165,1
E01015150,0.15448,0.60069,0.2131,0.03172,1
E01015151,0.14018,0.77809,0.07264,0.00908,1
E01015152,0.19127,0.68122,0.11721,0.0103,1
E01015153,0.19882,0.6561,0.12144,0.02364,1
E01015155,0.21331,0.69444,0.08491,0.00734,1
E01015156,0.05735,0.8157,0.12138,0.00557,1
E01015157,0.10625,0.71516,0.14344,0.03515,1
E01015158,0.09371,0.69644,0.17541,0.03444,1
E01015159,0.16402,0.56707,0.23586,0.03306,1
E01015160,0.14389,0.54917,0.26139,0.04554,1
E01015161,0.201,0.57947,0.20813,0.0114,1
E01015162,0.19682,0.6163,0.14778,0.0391,1
E01015163,0.1734,0.55014,0.24443,0.03203,1
E01015164,0.24948,0.62526,0.11486,0.0104,1
E01015165,0.25206,0.62426,0.10895,0.01472,1
E01015166,0.23918,0.62472,0.12628,0.00982,1
E01015167,0.17121,0.71972,0.09575,0.01332,1
E01015168,0.17611,0.7106,0.10712,0.00617,1
E01015169,0.10897,0.72489,0.13515,0.03098,1
E01015170,0.20097,0.63438,0.13317,0.03148,1
E01015171,0.11744,0.67616,0.15658,0.04982,1
E01015172,0.15958,0.71673,0.11154,0.01215,1
E01015173,0.16147,0.65212,0.15014,0.03626,1
E01015174,0.15665,0.66532,0.16127,0.01676,1
E01015175,0.15627,0.72986,0.09691,0.01696,1
E01015176,0.1681,0.65093,0.16094,0.02003,1
E01015177,0.16459,0.71818,0.10302,0.01421,1
E01015178,0.13515,0.78853,0.06417,0.01215,1
E01015179,0.11751,0.80831,0.05519,0.01899,1
E01015180,0.2182,0.64928,0.12081,0.01171,1
E01015181,0.17888,0.7136,0.09643,0.01109,1
E01015182,0.21541,0.67258,0.0963,0.01571,1
E01015183,0.14859,0.54903,0.2578,0.04458,1
E01015184,0.09189,0.41776,0.42317,0.06718,1
E01015185,0.11828,0.54916,0.29186,0.04071,1
E01015186,0.1496,0.57952,0.252,0.01888,1
E01015187,0.11848,0.45633,0.36425,0.06093,1
E01015188,0.13876,0.49642,0.32638,0.03844,1
E01015189,0.13644,0.59155,0.25176,0.02025,1
E01015190,0.19177,0.55172,0.23714,0.01936,1
E01015191,0.19312,0.62252,0.16803,0.01634,1
E01015192,0.2412,0.58797,0.15483,0.01599,1
E01015193,0.18003,0.56604,0.23192,0.02201,1
E01015194,0.19111,0.59873,0.19958,0.01058,1
E01015195,0.24613,0.58462,0.15002,0.01922,1
E01015196,0.31333,0.575,0.09222,0.01944,1
E01015197,0.10799,0.47826,0.36676,0.04698,1
E01015198,0.12628,0.4719,0.34381,0.05801,1
E01015199,0.08794,0.44041,0.38517,0.08648,1
E01015200,0.18235,0.52473,0.25315,0.03977,1
E01015201,0.12123,0.52711,0.29292,0.05873,1
E01015202,0.21983,0.59752,0.16112,0.02153,1
E01015203,0.17088,0.51111,0.26897,0.04904,1
E01015204,0.19873,0.60184,0.18246,0.01697,1
E01015205,0.17548,0.5673,0.22974,0.02748,1
E01015206,0.19308,0.56791,0.18975,0.04927,1
E01015207,0.2,0.60793,0.16707,0.025,1
E01015208,0.10474,0.48411,0.35383,0.05732,1
E01015209,0.15028,0.58033,0.22438,0.04501,1
E01015210,0.22369,0.61059,0.13989,0.02583,1
E01015211,0.22252,0.53431,0.21919,0.02398,1
E01015212,0.22014,0.62518,0.1446,0.01007,1
E01015213,0.23947,0.60658,0.13092,0.02303,1
E01015214,0.23499,0.653,0.09224,0.01977,1
E01015215,0.19727,0.63003,0.157,0.0157,1
E01015216,0.1909,0.6368,0.15782,0.01447,1
E01015217,0.18079,0.68616,0.11754,0.01551,1
E01015218,0.1899,0.58451,0.18519,0.0404,1
E01015219,0.10695,0.51184,0.3262,0.055,1
E01015220,0.13059,0.56349,0.27633,0.02958,1
E01015221,0.14696,0.57173,0.24633,0.03499,1
E01015222,0.14865,0.55221,0.26781,0.03133,1
E01015223,0.18126,0.60522,0.20123,0.01229,1
E01015224,0.17613,0.57991,0.20287,0.0411,1
E01015225,0.15075,0.57913,0.206,0.06412,1
E01015226,0.13959,0.52216,0.31167,0.02659,1
E01015227,0.17483,0.56293,0.21265,0.0496,1
E01015228,0.16267,0.53532,0.24303,0.05898,1
E01015229,0.13557,0.49057,0.27044,0.10342,1
E01015230,0.12186,0.49176,0.33763,0.04875,1
E01015231,0.19143,0.64592,0.13212,0.03053,1
E01015232,0.09677,0.62985,0.23182,0.04155,1
E01015233,0.14316,0.61325,0.19801,0.04558,1
E01015234,0.20772,0.63649,0.14316,0.01263,1
E01015235,0.06713,0.47636,0.36719,0.08932,1
E01015236,0.15409,0.58176,0.23648,0.02767,1
E01015237,0.20824,0.61884,0.15305,0.01987,1
E01015238,0.1862,0.5629,0.2128,0.0381,1
E01015239,0.12321,0.49022,0.28357,0.103,1
E01015240,0.09898,0.44636,0.34227,0.11239,1
E01015241,0.16722,0.57162,0.20919,0.05197,1
E01015242,0.23665,0.61647,0.13205,0.01484,1
E01015243,0.12352,0.54052,0.2974,0.03855,1
E01015244,0.1539,0.53134,0.2883,0.02646,1
E01015245,0.14253,0.51982,0.29497,0.04268,1
E01015246,0.14986,0.48365,0.27657,0.08992,1
E01015247,0.18723,0.55579,0.22854,0.02843,1
E01015248,0.17005,0.59972,0.20084,0.02939,1
E01015249,0.22366,0.60116,0.14803,0.02715,1
E01015250,0.22309,0.59883,0.15134,0.02674,1
E01015251,0.16096,0.62414,0.18493,0.02997,1
E01015252,0.2412,0.62319,0.12422,0.01139,1
E01015253,0.24149,0.65213,0.10106,0.00532,1
E01015254,0.14588,0.55288,0.25966,0.04158,1
E01015255,0.14763,0.69713,0.11248,0.04277,1
E01015256,0.11034,0.69041,0.17247,0.02678,1
E01015257,0.20532,0.61901,0.16122,0.01445,1
E01015258,0.17715,0.6272,0.18409,0.01156,1
E01015259,0.23971,0.64412,0.10441,0.01176,1
E01015260,0.16267,0.6442,0.17045,0.02268,1
E01015261,0.17368,0.64498,0.15742,0.02392,1
E01015262,0.19051,0.61305,0.17494,0.0215,1
E01015263,0.27232,0.58011,0.1292,0.01837,1
E01015264,0.12538,0.52538,0.31231,0.03692,1
E01015265,0.14296,0.50104,0.31714,0.03886,1
E01015266,0.22666,0.59608,0.15697,0.0203,1
E01015267,0.08101,0.58699,0.26428,0.06773,1
E01015268,0.06806,0.51505,0.34162,0.07526,1
E01015269,0.10294,0.53248,0.29228,0.0723,1
E01015270,0.05957,0.53676,0.34791,0.05577,1
E01015271,0.08118,0.45416,0.38978,0.07488,1
E01019886,0.18589,0.57073,0.22182,0.02156,1
E01019887,0.18612,0.5731,0.19287,0.04791,1
E01019888,0.09,0.53938,0.29813,0.0725,1
E01019889,0.17062,0.51591,0.26374,0.04974,1
E01019890,0.14929,0.53529,0.27307,0.04235,1
E01019891,0.16821,0.59565,0.20646,0.02968,1
E01019892,0.3019,0.61348,0.07315,0.01147,1
E01019893,0.23876,0.60683,0.13663,0.01778,1
E01019894,0.0786,0.37053,0.44632,0.10456,1
E01019895,0.12087,0.44452,0.35337,0.08124,1
E01019896,0.09417,0.38437,0.42729,0.09417,1
E01019897,0.20496,0.56143,0.20306,0.03055,1
E01019898,0.14996,0.51345,0.29666,0.03993,1
E01019899,0.15418,0.536,0.26036,0.04945,1
E01019900,0.12863,0.43219,0.36329,0.07589,1
E01019901,0.13943,0.53598,0.3036,0.02099,1
E01019902,0.14266,0.53214,0.27546,0.04974,1
E01019903,0.15933,0.58453,0.21769,0.03844,1
E01019904,0.18425,0.55616,0.23836,0.02123,1
E01019905,0.14346,0.59215,0.22251,0.04188,1
E01019906,0.1692,0.57502,0.2267,0.02908,1
E01019907,0.13324,0.51765,0.31379,0.03531,1
E01019908,0.24341,0.63901,0.10495,0.01264,1
E01019909,0.14178,0.49488,0.30782,0.05553,1
E01019910,0.19281,0.54481,0.23408,0.0283,1
E01019911,0.09607,0.44294,0.38233,0.07866,1
E01019912,0.10562,0.50427,0.30891,0.0812,1
E01019913,0.06587,0.33163,0.41908,0.18342,1
E01019914,0.19404,0.56342,0.20516,0.03738,1
E01019915,0.13641,0.4611,0.31285,0.08963,1
E01019916,0.19393,0.66108,0.12188,0.02311,1
E01019917,0.18379,0.63702,0.14229,0.03689,1
E01019918,0.09793,0.68394,0.18756,0.03057,1
E01019919,0.18328,0.64478,0.14746,0.02448,1
E01019920,0.17435,0.64384,0.16189,0.01993,1
E01019921,0.19054,0.57226,0.19831,0.03889,1
E01019922,0.18426,0.56759,0.21251,0.03564,1
E01019923,0.18548,0.58548,0.21129,0.01774,1
E01019924,0.20651,0.63546,0.14409,0.01394,1
E01019925,0.19877,0.59707,0.1849,0.01926,1
E01019927,0.18955,0.54758,0.20047,0.0624,1
E01019928,0.1835,0.61593,0.16643,0.03414,1
E01019929,0.18389,0.61012,0.17676,0.02922,1
E01019930,0.15193,0.53424,0.2632,0.05064,1
E01019931,0.13485,0.54915,0.26483,0.05118,1
E01019932,0.13891,0.57847,0.24534,0.03728,1
E01019933,0.14977,0.54301,0.2427,0.06452,1
E01019934,0.1144,0.51067,0.31308,0.06185,1
E01019935,0.13066,0.4932,0.33157,0.04456,1
E01019936,0.14593,0.49776,0.30618,0.05013,1
E01019937,0.15321,0.52798,0.27982,0.03899,1
E01019938,0.15995,0.53522,0.27913,0.0257,1
E01019939,0.17015,0.50411,0.29159,0.03416,1
E01019940,0.1464,0.47931,0.32145,0.05283,1
E01019942,0.17928,0.57675,0.19901,0.04496,1
E01019943,0.20505,0.52879,0.23913,0.02703,1
E01019944,0.21371,0.58122,0.178,0.02707,1
E01019945,0.15022,0.60264,0.21322,0.03392,1
E01019946,0.08889,0.37986,0.42431,0.10694,1
E01019947,0.10712,0.49419,0.30268,0.09601,1
E01019948,0.11205,0.43438,0.3868,0.06677,1
E01019949,0.11745,0.4375,0.35989,0.08516,1
E01019950,0.10717,0.46076,0.3789,0.05316,1
E01019951,0.10942,0.45568,0.36842,0.06648,1
E01019952,0.1336,0.47407,0.31398,0.07835,1
E01019953,0.11837,0.44761,0.35899,0.07503,1
E01019954,0.19607,0.57002,0.19754,0.03636,1
E01019955,0.15611,0.49154,0.29843,0.05392,1
E01019956,0.09589,0.46202,0.31258,0.12951,1
E01019957,0.04602,0.34705,0.45642,0.15051,1
E01019958,0.11986,0.44863,0.35559,0.07591,1
E01019959,0.18061,0.54267,0.24192,0.0348,1
E01019960,0.21295,0.54101,0.22806,0.01799,1
E01019961,0.14415,0.55278,0.26447,0.03859,1
E01019962,0.16253,0.59926,0.21175,0.02647,1
E01019963,0.20343,0.54524,0.21703,0.0343,1
E01019964,0.08905,0.78272,0.11042,0.01781,1
E01019965,0.20539,0.54602,0.21437,0.03423,1
E01019966,0.12995,0.50876,0.31521,0.04608,1
E01019967,0.15286,0.5256,0.28991,0.03163,1
E01019968,0.15786,0.53215,0.25971,0.05029,1
E01019969,0.16827,0.63825,0.16234,0.03113,1
E01019970,0.17426,0.60662,0.17206,0.04706,1
E01019971,0.11462,0.73216,0.12339,0.02982,1
E01019972,0.20152,0.69668,0.0831,0.0187,1
E01019973,0.17426,0.58914,0.19437,0.04223,1
E01019974,0.15078,0.59941,0.21951,0.0303,1
E01019975,0.25622,0.62445,0.10395,0.01537,1
E01019976,0.14805,0.53634,0.24092,0.0747,1
E01019977,0.18663,0.60225,0.17737,0.03375,1
E01019980,0.23623,0.67462,0.08518,0.00398,1
E01019981,0.20486,0.62917,0.14792,0.01806,1
E01019982,0.19458,0.72524,0.07075,0.00943,1
E01019983,0.16153,0.58453,0.24641,0.00753,1
E01019984,0.18262,0.67275,0.13367,0.01096,1
E01019985,0.23267,0.6669,0.08911,0.01132,1
E01019986,0.17992,0.62777,0.16362,0.02868,1
E01019987,0.12017,0.73498,0.11964,0.02521,1
E01019988,0.16351,0.62596,0.15018,0.06035,1
E01019989,0.16435,0.69174,0.10793,0.03598,1
E01019990,0.2459,0.63435,0.10763,0.01212,1
E01019991,0.25821,0.62816,0.09533,0.01831,1
E01019992,0.16925,0.6398,0.14941,0.04154,1
E01019993,0.14613,0.68394,0.14868,0.02124,1
E01019994,0.09909,0.77785,0.1101,0.01295,1
E01019995,0.08352,0.80329,0.09402,0.01917,1
E01019996,0.08051,0.72009,0.11362,0.08578,1
E01019997,0.05977,0.8677,0.06111,0.01142,1
E01019998,0.18673,0.60851,0.16799,0.03677,1
E01019999,0.14108,0.65643,0.16183,0.04066,1
E01020000,0.18326,0.63499,0.15611,0.02564,1
E01020001,0.11934,0.61154,0.24883,0.02028,1
E01020002,0.22253,0.59748,0.13417,0.04582,1
E01020003,0.15984,0.55035,0.24649,0.04333,1
E01020004,0.14508,0.62267,0.18867,0.04359,1
E01020005,0.22314,0.61349,0.13925,0.02412,1
E01020006,0.19919,0.69606,0.09311,0.01164,1
E01020007,0.08795,0.87812,0.02909,0.00485,1
E01020008,0.1028,0.8493,0.03875,0.00915,1
E01020009,0.1634,0.69789,0.1053,0.03341,1
E01020010,0.23467,0.63659,0.11455,0.01419,1
E01020011,0.15647,0.57785,0.23315,0.03253,1
E01020012,0.20803,0.63489,0.13489,0.02218,1
E01020013,0.14084,0.70488,0.13517,0.01911,1
E01020014,0.20958,0.66733,0.11643,0.00665,1
E01020015,0.22313,0.62506,0.12175,0.03006,1
E01020016,0.07995,0.80074,0.10291,0.0164,1
E01020017,0.10607,0.8397,0.03888,0.01535,1
E01020018,0.04744,0.80424,0.12437,0.02395,1
E01020019,0.03704,0.79111,0.10321,0.06864,1
E01020020,0.06831,0.87084,0.05166,0.00918,1
E01020021,0.08167,0.83257,0.07095,0.0148,1
E01020022,0.05727,0.89588,0.03991,0.00694,1
E01020023,0.19532,0.62528,0.14892,0.03049,1
E01020024,0.16951,0.59396,0.18725,0.04928,1
E01020025,0.16153,0.71582,0.10657,0.01609,1
E01020026,0.13928,0.59674,0.24009,0.02389,1
E01020027,0.18252,0.62434,0.17602,0.01713,1
E01020029,0.15552,0.70102,0.12357,0.01989,1
E01020030,0.16617,0.7001,0.09082,0.04291,1
E01020031,0.21381,0.67027,0.0991,0.01682,1
E01020032,0.14555,0.68381,0.14931,0.02133,1
E01020033,0.21797,0.52224,0.21532,0.04447,1
E01020035,0.23336,0.63514,0.12393,0.00758,1
E01020036,0.18336,0.59405,0.16712,0.05548,1
E01020037,0.22119,0.601,0.14865,0.02916,1
E01020038,0.19644,0.64077,0.1425,0.02029,1
E01020039,0.18994,0.6078,0.17248,0.02977,1
E01020040,0.17455,0.61521,0.17998,0.03026,1
E01020041,0.22638,0.61697,0.13566,0.021,1
E01020042,0.15655,0.5508,0.24281,0.04984,1
E01020043,0.22104,0.57432,0.18292,0.02172,1
E01020044,0.15837,0.56553,0.23908,0.03701,1
E01020045,0.16981,0.55995,0.23615,0.03408,1
E01020046,0.15959,0.60746,0.21236,0.02059,1
E01020047,0.14313,0.52796,0.26919,0.05972,1
E01020048,0.19188,0.63588,0.14458,0.02767,1
E01020049,0.14875,0.54591,0.2669,0.03843,1
E01020050,0.13237,0.53367,0.28983,0.04412,1
E01020051,0.11492,0.506,0.32419,0.05489,1
E01020052,0.17,0.62684,0.17211,0.03105,1
E01020053,0.21004,0.57143,0.19731,0.02122,1
E01020054,0.22316,0.60989,0.14497,0.02198,1
E01020055,0.168,0.59011,0.18607,0.05582,1
E01020056,0.17049,0.61673,0.18309,0.02969,1
E01020057,0.21769,0.62489,0.1379,0.01951,1
E01020058,0.16743,0.61154,0.19449,0.02654,1
E01020059,0.20082,0.60383,0.17213,0.02322,1
E01020060,0.14111,0.57085,0.21487,0.07317,1
E01020061,0.20018,0.57795,0.18404,0.03782,1
E01020062,0.13619,0.59591,0.22762,0.04028,1
E01020063,0.19032,0.56227,0.20935,0.03806,1
E01020064,0.21882,0.58862,0.16575,0.02681,1
E01020065,0.25199,0.60957,0.11779,0.02065,1
E01020066,0.2076,0.62545,0.14645,0.0205,1
E01020067,0.27154,0.60403,0.10932,0.01511,1
E01020068,0.15817,0.5634,0.23725,0.04118,1
E01020069,0.16833,0.58882,0.21291,0.02994,1
E01020070,0.15832,0.57729,0.22708,0.03731,1
E01020071,0.16906,0.55584,0.23668,0.03842,1
E01020072,0.16464,0.57913,0.22377,0.03246,1
E01020073,0.15836,0.54686,0.26038,0.0344,1
E01020074,0.17591,0.58322,0.2147,0.02616,1
E01020075,0.193,0.5725,0.205,0.0295,1
E01020076,0.1854,0.60468,0.18825,0.02168,1
E01020077,0.17995,0.60023,0.19871,0.0211,1
E01020078,0.18681,0.61538,0.16337,0.03443,1
E01020079,0.19955,0.55497,0.20557,0.03991,1
E01020080,0.17635,0.54772,0.23859,0.03734,1
E01020081,0.16895,0.56012,0.25419,0.01674,1
E01020082,0.14746,0.5839,0.24492,0.02373,1
E01020083,0.19787,0.59729,0.19294,0.0119,1
E01020084,0.15961,0.56558,0.23664,0.03817,1
E01020085,0.21238,0.63713,0.13225,0.01824,1
E01020086,0.17323,0.54876,0.24712,0.03089,1
E01020087,0.1316,0.54419,0.29107,0.03314,1
E01020088,0.15754,0.58362,0.22637,0.03248,1
E01020089,0.20695,0.5832,0.17632,0.03353,1
E01020090,0.16757,0.53047,0.25408,0.04788,1
E01020091,0.14872,0.55848,0.25949,0.03331,1
E01020092,0.13218,0.48858,0.29827,0.08097,1
E01020093,0.16667,0.56223,0.23104,0.04006,1
E01020094,0.11942,0.62725,0.19884,0.05449,1
E01020095,0.22215,0.63303,0.11796,0.02687,1
E01020096,0.14728,0.62712,0.17943,0.04617,1
E01020097,0.14527,0.57797,0.25411,0.02266,1
E01020098,0.14129,0.55327,0.26612,0.03932,1
E01020099,0.13417,0.53521,0.3017,0.02891,1
E01020100,0.15882,0.5217,0.28994,0.02955,1
E01020101,0.16058,0.54859,0.24879,0.04204,1
E01020102,0.2,0.65731,0.11403,0.02866,1
E01020103,0.26918,0.60536,0.11084,0.01462,1
E01020104,0.26931,0.65199,0.07509,0.00361,1
E01020105,0.21739,0.55124,0.20135,0.03002,1
E01020106,0.11405,0.46077,0.36314,0.06204,1
E01020107,0.13124,0.48059,0.30746,0.08071,1
E01020108,0.17007,0.57506,0.22948,0.0254,1
E01020109,0.18905,0.56496,0.21314,0.03285,1
E01020110,0.20919,0.63863,0.12723,0.02495,1
E01020111,0.21586,0.60793,0.15419,0.02203,1
E01020112,0.13928,0.64442,0.18164,0.03466,1
E01020113,0.18082,0.59365,0.18146,0.04407,1
E01020114,0.17486,0.60355,0.19823,0.02337,1
E01020115,0.1652,0.56776,0.24379,0.02326,1
E01020116,0.1764,0.59008,0.20151,0.03202,1
E01020117,0.14008,0.55362,0.27011,0.03619,1
E01020118,0.21241,0.60657,0.15693,0.02409,1
E01020119,0.12449,0.54036,0.29275,0.04241,1
E01020120,0.18513,0.57753,0.19778,0.03956,1
E01020121,0.19536,0.58027,0.19874,0.02563,1
E01020122,0.15758,0.59945,0.21928,0.02369,1
E01020123,0.20066,0.54145,0.22697,0.03092,1
E01020124,0.13392,0.53639,0.27001,0.05968,1
E01020125,0.14501,0.49031,0.3295,0.03518,1
E01020126,0.08563,0.59817,0.26606,0.05015,1
E01020127,0.18092,0.57538,0.22442,0.01928,1
E01020128,0.17464,0.55239,0.21992,0.05304,1
E01020129,0.1803,0.5985,0.20451,0.01669,1
E01020130,0.19115,0.66533,0.12542,0.01811,1
E01020131,0.1831,0.59243,0.20114,0.02333,1
E01020132,0.1515,0.56797,0.23157,0.04896,1
E01020133,0.1683,0.59777,0.21788,0.01606,1
E01020134,0.20759,0.60097,0.15428,0.03716,1
E01020135,0.18357,0.54142,0.21007,0.06494,1
E01020136,0.1751,0.57096,0.21805,0.03589,1
E01020137,0.14355,0.60193,0.19723,0.0573,1
E01020138,0.15436,0.57238,0.23404,0.03922,1
E01020139,0.18956,0.59227,0.19027,0.0279,1
E01020140,0.15344,0.52572,0.28073,0.0401,1
E01020141,0.25414,0.62597,0.11381,0.00608,1
E01020142,0.20524,0.56921,0.19491,0.03064,1
E01020143,0.16855,0.60964,0.20713,0.01468,1
E01020144,0.17422,0.7115,0.10453,0.00976,1
E01020145,0.12839,0.65117,0.20617,0.01427,1
E01020146,0.18151,0.65564,0.1408,0.02205,1
E01020147,0.12267,0.5552,0.28747,0.03467,1
E01020148,0.14654,0.59147,0.24245,0.01954,1
E01020149,0.18175,0.57966,0.21541,0.02319,1
E01020150,0.15193,0.54473,0.24193,0.06141,1
E01020151,0.08019,0.47184,0.38834,0.05964,1
E01020152,0.07901,0.52524,0.32699,0.06876,1
E01020153,0.10122,0.52356,0.34904,0.02618,1
E01020154,0.17277,0.70942,0.10668,0.01113,1
E01020155,0.18992,0.58506,0.18902,0.036,1
E01020156,0.15658,0.53506,0.27329,0.03506,1
E01020157,0.16094,0.56847,0.24576,0.02482,1
E01020158,0.15636,0.5916,0.2217,0.03034,1
E01020159,0.19433,0.5641,0.2112,0.03036,1
E01020160,0.16349,0.61836,0.20371,0.01444,1
E01020161,0.16529,0.55468,0.2208,0.05924,1
E01020162,0.2089,0.63906,0.144,0.00803,1
E01020163,0.20231,0.62617,0.15228,0.01924,1
E01020164,0.17343,0.61941,0.18926,0.01789,1
E01020165,0.21235,0.6358,0.13457,0.01728,1
E01020166,0.17739,0.58497,0.20582,0.03182,1
E01020167,0.21041,0.6365,0.13198,0.02112,1
E01020168,0.15265,0.50378,0.27836,0.06522,1
E01020169,0.16546,0.61226,0.18305,0.03922,1
E01020170,0.14266,0.54339,0.28033,0.03362,1
E01020171,0.11964,0.4941,0.33959,0.04667,1
E01020172,0.14356,0.52822,0.28712,0.0411,1
E01020173,0.098,0.51002,0.33482,0.05716,1
E01020174,0.13519,0.49483,0.3273,0.04269,1
E01020175,0.12506,0.47514,0.35894,0.04087,1
E01020176,0.13327,0.55515,0.25092,0.06066,1
E01020177,0.17639,0.52171,0.23406,0.06784,1
E01020178,0.14186,0.47885,0.33549,0.0438,1
E01020179,0.1214,0.5134,0.3217,0.0435,1
E01020180,0.18509,0.58329,0.2026,0.02901,1
E01020181,0.15127,0.56062,0.24711,0.04099,1
E01020182,0.18796,0.64312,0.14742,0.0215,1
E01020183,0.12227,0.55328,0.25956,0.06489,1
E01020184,0.13568,0.59833,0.23431,0.03168,1
E01020185,0.13647,0.51529,0.31693,0.03132,1
E01020186,0.11111,0.44514,0.40252,0.04123,1
E01020187,0.1944,0.57057,0.20099,0.03405,1
E01020188,0.15308,0.54754,0.27011,0.02926,1
E01020189,0.16361,0.55383,0.23601,0.04654,1
E01020190,0.18792,0.52097,0.25881,0.0323,1
E01020191,0.12434,0.72636,0.12674,0.02256,1
E01020192,0.12332,0.53753,0.29357,0.04558,1
E01020193,0.16776,0.60878,0.19659,0.02687,1
E01020194,0.18312,0.61688,0.18052,0.01948,1
E01020195,0.19338,0.58814,0.1875,0.03098,1
E01020196,0.16106,0.58171,0.21593,0.0413,1
E01020197,0.13823,0.53239,0.30174,0.02765,1
E01020198,0.19302,0.61538,0.17877,0.01282,1
E01020199,0.1834,0.59954,0.18688,0.03018,1
E01020200,0.10214,0.52368,0.33333,0.04085,1
E01020201,0.11232,0.43132,0.37677,0.07959,1
E01020202,0.14873,0.4662,0.32504,0.06003,1
E01020203,0.13528,0.44934,0.3379,0.07747,1
E01020204,0.22577,0.6454,0.10381,0.02502,1
E01020205,0.12795,0.54462,0.26706,0.06037,1
E01020206,0.17308,0.59814,0.19629,0.03249,1
E01020207,0.23889,0.60538,0.10803,0.0477,1
E01020208,0.18583,0.61538,0.16756,0.03123,1
E01020209,0.20182,0.60824,0.18087,0.00908,1
E01020210,0.12877,0.55909,0.27547,0.03667,1
E01020211,0.21714,0.62222,0.14476,0.01587,1
E01020212,0.20546,0.62039,0.15409,0.02006,1
E01020213,0.15981,0.57923,0.23399,0.02697,1
E01020214,0.14562,0.56186,0.25322,0.0393,1
E01020215,0.12173,0.54545,0.29584,0.03698,1
E01020216,0.20417,0.6397,0.13085,0.02528,1
E01020217,0.17133,0.57925,0.1993,0.05012,1
E01020218,0.1691,0.67457,0.1253,0.03102,1
E01020219,0.19241,0.65819,0.13922,0.01018,1
E01020220,0.22402,0.59039,0.16156,0.02402,1
E01020221,0.16807,0.61681,0.1944,0.02073,1
E01020222,0.18644,0.59241,0.19774,0.02341,1
E01020223,0.15894,0.59163,0.23133,0.0181,1
E01020224,0.2183,0.65088,0.11798,0.01284,1
E01020225,0.18395,0.67259,0.12287,0.0206,1
E01020226,0.14165,0.50631,0.26087,0.09116,1
E01020227,0.13975,0.5735,0.22158,0.06517,1
E01020228,0.10451,0.51742,0.3004,0.07767,1
E01020229,0.16371,0.55351,0.25159,0.03118,1
E01020230,0.15744,0.57616,0.23331,0.03309,1
E01020231,0.13385,0.57765,0.25146,0.03704,1
E01020232,0.2098,0.61307,0.16605,0.01107,1
E01020233,0.10152,0.45858,0.37981,0.06009,1
E01020234,0.19456,0.59116,0.18231,0.03197,1
E01020235,0.13245,0.52695,0.27695,0.06365,1
E01020236,0.12045,0.56589,0.28618,0.02749,1
E01020237,0.16549,0.58339,0.21829,0.03284,1
E01020238,0.1725,0.53736,0.24483,0.04531,1
E01020239,0.15914,0.49327,0.29216,0.05542,1
E01020240,0.17795,0.56501,0.19473,0.06231,1
E01020241,0.16286,0.64114,0.17314,0.02286,1
E01020242,0.21992,0.61019,0.15621,0.01369,1
E01020243,0.16792,0.57895,0.22222,0.03091,1
E01020244,0.16992,0.55893,0.22993,0.04121,1
E01020245,0.14167,0.59987,0.22017,0.03829,1
E01020246,0.15091,0.63682,0.19071,0.02156,1
E01020247,0.18818,0.5579,0.20989,0.04403,1
E01020248,0.141,0.55832,0.27237,0.02831,1
E01020249,0.1044,0.56898,0.28486,0.04176,1
E01020250,0.14437,0.55258,0.25762,0.04543,1
E01020251,0.15856,0.61492,0.19587,0.03065,1
E01020252,0.18854,0.61121,0.14787,0.05237,1
E01020253,0.18531,0.66314,0.13435,0.01721,1
E01020254,0.20503,0.60326,0.15692,0.03479,1
E01020255,0.155,0.5681,0.25132,0.02558,1
E01020256,0.18127,0.59164,0.18935,0.03774,1
E01020257,0.14657,0.59631,0.22278,0.03434,1
E01020258,0.13778,0.58329,0.23207,0.04687,1
E01020259,0.11882,0.57849,0.26453,0.03816,1
E01020260,0.12988,0.451,0.34741,0.07171,1
E01020261,0.13579,0.53311,0.2917,0.0394,1
E01020262,0.1165,0.55414,0.26736,0.06199,1
E01020263,0.11679,0.47917,0.34975,0.05429,1
E01020264,0.11322,0.55301,0.2356,0.09817,1
E01020265,0.15814,0.55085,0.25867,0.03233,1
E01020266,0.15658,0.57517,0.2408,0.02745,1
E01020267,0.1369,0.56063,0.26467,0.03781,1
E01020268,0.16398,0.46989,0.29624,0.06989,1
E01020269,0.06282,0.5659,0.29333,0.07796,1
E01020270,0.1763,0.58035,0.22197,0.02139,1
E01020271,0.18244,0.61596,0.16203,0.03958,1
E01020272,0.23817,0.61283,0.12724,0.02175,1
E01020273,0.16997,0.56314,0.24027,0.02662,1
E01020274,0.16016,0.59512,0.23333,0.01138,1
E01020275,0.10748,0.6035,0.26194,0.02707,1
E01020276,0.14851,0.53069,0.28383,0.03696,1
E01020277,0.21366,0.59034,0.1751,0.0209,1
E01020278,0.18094,0.60413,0.19915,0.01579,1
E01020279,0.23013,0.60604,0.15377,0.01007,1
E01020280,0.16862,0.66772,0.14478,0.01888,1
E01020281,0.16619,0.6068,0.20115,0.02586,1
E01020282,0.2,0.5281,0.22659,0.04532,1
E01020283,0.16837,0.54657,0.24719,0.03787,1
E01020284,0.222,0.62592,0.13252,0.01956,1
E01020285,0.23377,0.62958,0.11664,0.02001,1
E01020286,0.15282,0.59442,0.22545,0.02731,1
E01020287,0.14196,0.55967,0.26445,0.03392,1
E01020288,0.14269,0.58338,0.24865,0.02529,1
E01020289,0.12706,0.54638,0.30623,0.02033,1
E01020290,0.13493,0.53345,0.29274,0.03888,1
E01020291,0.1687,0.57552,0.23386,0.02192,1
E01020292,0.14494,0.57595,0.24241,0.03671,1
E01020293,0.1573,0.59551,0.22347,0.02372,1
E01020294,0.19636,0.52756,0.22232,0.05376,1
E01020295,0.16469,0.51303,0.25237,0.06991,1
E01020296,0.14021,0.55096,0.28474,0.02409,1
E01020297,0.18308,0.53404,0.24983,0.03305,1
E01020298,0.12872,0.48847,0.33333,0.04947,1
E01020299,0.11547,0.52436,0.31091,0.04926,1
E01020300,0.10989,0.49503,0.30926,0.08582,1
E01020301,0.17262,0.5824,0.22298,0.022,1
E01020302,0.16452,0.55413,0.25027,0.03108,1
E01020303,0.11567,0.56405,0.2898,0.03047,1
E01020304,0.17401,0.58249,0.21356,0.02994,1
E01020305,0.15208,0.60301,0.20248,0.04244,1
E01020306,0.20147,0.58022,0.18901,0.0293,1
E01020307,0.20978,0.56276,0.19505,0.03241,1
E01020308,0.13644,0.60043,0.23714,0.02599,1
E01020309,0.15205,0.60266,0.22142,0.02386,1
E01020310,0.09296,0.5009,0.3565,0.04964,1
E01020311,0.16035,0.54089,0.27318,0.02558,1
E01020312,0.10839,0.51355,0.34774,0.03032,1
E01020313,0.18552,0.59517,0.18414,0.03517,1
E01020314,0.14078,0.57126,0.25073,0.03723,1
E01020315,0.16261,0.52864,0.24621,0.06254,1
E01020316,0.14079,0.55193,0.27516,0.03212,1
E01020317,0.13037,0.52865,0.2937,0.04728,1
E01020318,0.1397,0.53281,0.29305,0.03444,1
E01020319,0.13782,0.58529,0.25649,0.0204,1
E01020320,0.13404,0.54234,0.2866,0.03702,1
E01020321,0.16546,0.59847,0.19566,0.04041,1
E01020322,0.19693,0.56661,0.20647,0.02998,1
E01020323,0.13031,0.66885,0.18356,0.01728,1
E01020324,0.10656,0.564,0.282,0.04743,1
E01020325,0.16045,0.5976,0.21731,0.02464,1
E01020326,0.17517,0.5977,0.19494,0.03218,1
E01020327,0.17373,0.5606,0.22388,0.04179,1
E01020328,0.23316,0.61552,0.13384,0.01748,1
E01020329,0.13288,0.57169,0.25587,0.03956,1
E01020330,0.16868,0.54396,0.23407,0.0533,1
E01020331,0.14171,0.54394,0.27351,0.04084,1
E01020332,0.14489,0.6047,0.2023,0.04811,1
E01020333,0.18499,0.5456,0.23762,0.03179,1
E01020334,0.18201,0.5871,0.19969,0.0312,1
E01020335,0.13857,0.48804,0.29491,0.07848,1
E01020336,0.11178,0.46362,0.37284,0.05176,1
E01020337,0.20347,0.55764,0.20347,0.03542,1
E01020338,0.20461,0.5809,0.19061,0.02388,1
E01020339,0.16192,0.56702,0.24496,0.0261,1
E01020340,0.16552,0.59221,0.22509,0.01718,1
E01020341,0.13636,0.49315,0.32441,0.04608,1
E01020342,0.18435,0.62096,0.17917,0.01552,1
E01032628,0.17016,0.5541,0.23168,0.04407,1
E01032657,0.09263,0.74915,0.12982,0.0284,1
E01032658,0.08267,0.78038,0.11474,0.02221,1
E01033232,0.22637,0.71331,0.04913,0.01119,1
E01033233,0.03729,0.86484,0.07841,0.01947,1
E01033234,0.19451,0.66355,0.13318,0.00876,1
E01033235,0.10598,0.51633,0.3004,0.07729,1
E01033236,0.138,0.46314,0.3242,0.07467,1
E07000040,0.15906,0.54039,0.25288,0.04767,1
E07000041,0.15506,0.68553,0.1328,0.02661,1
E07000042,0.18306,0.58476,0.2005,0.03168,1
E07000043,0.17271,0.57823,0.21441,0.03466,1
E07000044,0.15724,0.56561,0.24193,0.03522,1
E07000045,0.16253,0.57745,0.22196,0.03806,1
E07000046,0.16353,0.56853,0.2355,0.03244,1
E07000047,0.16055,0.56737,0.23662,0.03546,1
E10000008,0.16339,0.58653,0.21419,0.03588,1
E06000026,0.17912,0.63962,0.15703,0.02424,1
E06000027,0.16769,0.57093,0.22409,0.03729,1
IMDQ1,0.18729,0.64539,0.14395,0.02337,1
IMDQ2,0.17273,0.61088,0.18555,0.03083,1
IMDQ3,0.16129,0.59589,0.2104,0.03241,1
IMDQ4,0.1688,0.57016,0.22262,0.03842,1
IMDQ5,0.14668,0.56376,0.24646,0.0431,1
E02003122,0.15834,0.55229,0.25236,0.03702,1
E02003123,0.19845,0.60417,0.17522,0.02216,1
E02003124,0.21981,0.61384,0.14324,0.02311,1
E02003125,0.16951,0.62537,0.18149,0.02363,1
E02003126,0.17062,0.61408,0.19276,0.02254,1
E02003127,0.22156,0.60582,0.15318,0.01944,1
E02003128,0.20106,0.61085,0.16292,0.02516,1
E02003129,0.20013,0.56422,0.2039,0.03176,1
E02003130,0.20865,0.62185,0.15007,0.01944,1
E02003131,0.19232,0.59248,0.19553,0.01967,1
E02003132,0.20446,0.61349,0.15552,0.02653,1
E02003133,0.17896,0.60038,0.1979,0.02276,1
E02003134,0.21218,0.62844,0.14218,0.01721,1
E02003135,0.23409,0.66069,0.09668,0.00853,1
E02003136,0.15834,0.53959,0.25391,0.04816,1
E02003137,0.17597,0.57334,0.19687,0.05382,1
E02003138,0.19024,0.67625,0.11581,0.0177,1
E02003139,0.21486,0.64803,0.12863,0.00848,1
E02003140,0.18913,0.58283,0.19367,0.03438,1
E02003141,0.16065,0.69994,0.12018,0.01923,1
E02003142,0.19268,0.64087,0.14551,0.02094,1
E02003143,0.18276,0.61044,0.1805,0.0263,1
E02003144,0.07198,0.83822,0.07187,0.01794,1
E02003145,0.15558,0.67061,0.14489,0.02892,1
E02003146,0.14599,0.76152,0.07931,0.01318,1
E02003147,0.23284,0.65565,0.10138,0.01014,1
E02003148,0.0925,0.79676,0.09796,0.01277,1
E02003149,0.16628,0.73503,0.08512,0.01356,1
E02003150,0.14708,0.70845,0.12266,0.02181,1
E02003151,0.14985,0.51143,0.27899,0.05973,1
E02003152,0.18883,0.57478,0.20708,0.0293,1
E02003153,0.18577,0.57829,0.20201,0.03393,1
E02003154,0.19463,0.56373,0.21478,0.02686,1
E02003155,0.16616,0.56197,0.22387,0.04801,1
E02003156,0.21439,0.61239,0.15226,0.02097,1
E02003157,0.19279,0.63323,0.15909,0.01489,1
E02003158,0.15512,0.5408,0.24727,0.05681,1
E02003159,0.20271,0.62546,0.14912,0.02272,1
E02003161,0.15313,0.67807,0.14169,0.02711,1
E02003163,0.07872,0.526,0.32621,0.06907,1
E02003164,0.15532,0.54638,0.24978,0.04852,1
E02003165,0.19239,0.57047,0.20452,0.03262,1
E02003166,0.22626,0.58418,0.1719,0.01766,1
E02003167,0.13772,0.58264,0.22588,0.05376,1
E02003168,0.14304,0.56067,0.26368,0.03261,1
E02003169,0.12221,0.48562,0.33333,0.05883,1
E02003170,0.12907,0.51764,0.31126,0.04204,1
E02003171,0.16247,0.53909,0.25569,0.04275,1
E02004129,0.15185,0.53184,0.28027,0.03604,1
E02004130,0.14455,0.54396,0.25568,0.05581,1
E02004131,0.16446,0.57828,0.21628,0.04098,1
E02004132,0.18071,0.56955,0.21987,0.02987,1
E02004133,0.15951,0.54784,0.24915,0.0435,1
E02004134,0.24229,0.60412,0.13317,0.02043,1
E02004135,0.14044,0.50619,0.30215,0.05122,1
E02004136,0.18374,0.53613,0.24305,0.03708,1
E02004137,0.13066,0.50318,0.31936,0.0468,1
E02004138,0.10648,0.44466,0.36493,0.08393,1
E02004139,0.15367,0.50029,0.28633,0.05971,1
E02004140,0.08626,0.41671,0.3781,0.11892,1
E02004141,0.16593,0.56033,0.23791,0.03582,1
E02004142,0.14409,0.61571,0.2095,0.0307,1
E02004143,0.15648,0.56234,0.24859,0.03258,1
E02004144,0.17076,0.53337,0.25311,0.04276,1
E02004145,0.12584,0.44194,0.3553,0.07692,1
E02004146,0.18816,0.602,0.18437,0.02547,1
E02004147,0.16412,0.65839,0.14925,0.02824,1
E02004148,0.13032,0.47089,0.30458,0.0942,1
E02004149,0.07646,0.78145,0.11809,0.02399,1
E02004150,0.18691,0.69224,0.1047,0.01615,1
E02004151,0.18695,0.60394,0.1694,0.03971,1
E02004152,0.0604,0.85158,0.06523,0.02279,1
E02004153,0.2027,0.66693,0.12193,0.00844,1
E02004154,0.1503,0.73749,0.09116,0.02104,1
E02004155,0.18981,0.60914,0.16656,0.03449,1
E02004156,0.0838,0.8089,0.08965,0.01765,1
E02004157,0.15864,0.65758,0.14108,0.04269,1
E02004158,0.18448,0.67869,0.11245,0.02437,1
E02004159,0.19942,0.64375,0.14265,0.01417,1
E02004160,0.17317,0.59091,0.19583,0.0401,1
E02004161,0.19911,0.64927,0.12625,0.02537,1
E02004162,0.16129,0.64299,0.16034,0.03538,1
E02004163,0.17539,0.54739,0.23001,0.0472,1
E02004164,0.15386,0.56967,0.24465,0.03183,1
E02004165,0.16639,0.56218,0.23085,0.04058,1
E02004166,0.18631,0.57235,0.20983,0.0315,1
E02004167,0.22826,0.60525,0.14455,0.02194,1
E02004168,0.18758,0.59827,0.1847,0.02945,1
E02004169,0.18435,0.5883,0.19707,0.03029,1
E02004170,0.19666,0.60996,0.16353,0.02984,1
E02004171,0.18087,0.57986,0.20798,0.03129,1
E02004172,0.16551,0.5785,0.22762,0.02837,1
E02004173,0.17345,0.58339,0.21498,0.02818,1
E02004174,0.18645,0.58282,0.18785,0.04288,1
E02004175,0.17271,0.60817,0.19286,0.02626,1
E02004176,0.13157,0.55473,0.27492,0.03878,1
E02004177,0.17673,0.5857,0.20323,0.03434,1
E02004178,0.17403,0.55736,0.2337,0.03492,1
E02004179,0.18202,0.57867,0.20009,0.03923,1
E02004180,0.17419,0.5789,0.21665,0.03026,1
E02004181,0.17677,0.58822,0.20176,0.03325,1
E02004182,0.19024,0.60954,0.1693,0.03093,1
E02004183,0.15722,0.55285,0.24708,0.04285,1
E02004184,0.21495,0.62224,0.13976,0.02305,1
E02004185,0.15377,0.51366,0.28039,0.05218,1
E02004186,0.18002,0.58602,0.20693,0.02703,1
E02004187,0.16581,0.57844,0.21765,0.03809,1
E02004188,0.14296,0.55731,0.26238,0.03735,1
E02004189,0.16101,0.65056,0.17178,0.01666,1
E02004190,0.15863,0.57335,0.23371,0.03431,1
E02004191,0.15819,0.58792,0.21716,0.03672,1
E02004192,0.14286,0.53902,0.2864,0.03173,1
E02004193,0.19118,0.6097,0.17183,0.02729,1
E02004194,0.17829,0.5764,0.2118,0.03351,1
E02004195,0.12765,0.57371,0.25494,0.0437,1
E02004196,0.16553,0.55439,0.24802,0.03206,1
E02004197,0.14233,0.50921,0.30974,0.03872,1
E02004198,0.16066,0.5575,0.2317,0.05015,1
E02004199,0.13391,0.48192,0.34175,0.04243,1
E02004200,0.12313,0.51777,0.31288,0.04622,1
E02004201,0.13813,0.54692,0.27383,0.04112,1
E02004202,0.17731,0.59743,0.19109,0.03417,1
E02004203,0.13952,0.56739,0.24945,0.04363,1
E02004204,0.17349,0.57244,0.2212,0.03287,1
E02004205,0.16752,0.57721,0.22731,0.02796,1
E02004206,0.13086,0.52104,0.28867,0.05944,1
E02004207,0.16704,0.56108,0.23405,0.03783,1
E02004208,0.15899,0.54544,0.25712,0.03844,1
E02004209,0.17133,0.59942,0.19373,0.03552,1
E02004210,0.15044,0.58771,0.20378,0.05808,1
E02004211,0.1288,0.51048,0.30741,0.05331,1
E02004212,0.18047,0.61754,0.18226,0.01973,1
E02004213,0.18466,0.63836,0.14392,0.03307,1
E02004214,0.19188,0.63,0.14933,0.0288,1
E02004215,0.16854,0.5991,0.18251,0.04985,1
E02004216,0.1572,0.57573,0.23588,0.03119,1
E02004217,0.1755,0.58518,0.21005,0.02927,1
E02004218,0.14788,0.57645,0.24133,0.03433,1
E02004219,0.1549,0.54703,0.25546,0.04261,1
E02004220,0.13853,0.54439,0.27933,0.03775,1
E02004221,0.11016,0.49493,0.33419,0.06072,1
E02004222,0.17647,0.60768,0.1872,0.02866,1
E02004223,0.21078,0.60099,0.1682,0.02003,1
E02004224,0.14829,0.55544,0.25703,0.03925,1
E02004225,0.18632,0.58024,0.20057,0.03287,1
E02004226,0.14027,0.56537,0.26575,0.02861,1
E02004227,0.16825,0.57065,0.22961,0.03149,1
E02004228,0.1484,0.56524,0.25927,0.02708,1
E02004229,0.17168,0.57735,0.21646,0.03451,1
E02004230,0.18233,0.57622,0.20499,0.03647,1
E02004231,0.14175,0.59493,0.2394,0.02391,1
E02004232,0.15216,0.57638,0.2416,0.02986,1
E02004233,0.17075,0.55262,0.23544,0.04119,1
E02004234,0.13964,0.55167,0.26976,0.03894,1
E02004235,0.14827,0.54689,0.26523,0.03961,1
E02006840,0.19135,0.57504,0.20253,0.03109,1
TOWN01,0.1755,0.58518,0.21005,0.02927,1
TOWN02,0.15288,0.53851,0.26639,0.04222,1
TOWN03,0.18232,0.5831,0.20169,0.03289,1
TOWN04,0.16445,0.56633,0.23455,0.03467,1
TOWN05,0.18067,0.57012,0.20941,0.0398,1
TOWN06,0.17584,0.58174,0.20883,0.03359,1
TOWN07,0.19221,0.59076,0.18767,0.02935,1
TOWN08,0.12889,0.54469,0.28776,0.03866,1
TOWN09,0.15249,0.55229,0.25303,0.04218,1
TOWN10,0.16055,0.67004,0.14196,0.02744,1
TOWN11,0.15667,0.56063,0.23621,0.04649,1
TOWN12,0.16122,0.57829,0.22897,0.03152,1
TOWN13,0.15997,0.56839,0.24198,0.02965,1
TOWN14,0.15408,0.55099,0.25178,0.04316,1
TOWN15,0.16892,0.58037,0.22008,0.03064,1
TOWN16,0.16834,0.58631,0.21776,0.02759,1
TOWN17,0.15229,0.53357,0.26944,0.0447,1
