Area,0-15,16-64,65-84,85+,Total
E92000001,0.18969,0.63471,0.15211,0.02348,1
E12000009,0.17517,0.61356,0.18107,0.0302,1
E01015023,0.20444,0.6344,0.13326,0.0279,1
E01015024,0.13665,0.68737,0.16425,0.01173,1
E01015025,0.14521,0.50214,0.30018,0.05247,1
E01015026,0.18924,0.67161,0.12492,0.01422,1
E01015027,0.18038,0.62515,0.1745,0.01998,1
E01015028,0.22596,0.62843,0.12981,0.0158,1
E01015029,0.26512,0.59611,0.12581,0.01296,1
E01015030,0.19647,0.6472,0.13686,0.01946,1
E01015031,0.13001,0.71504,0.11162,0.04334,1
E01015032,0.08013,0.85365,0.05326,0.01296,1
E01015033,0.18072,0.59706,0.18966,0.03257,1
E01015034,0.15922,0.56145,0.21927,0.06006,1
E01015035,0.1647,0.64567,0.17257,0.01706,1
E01015036,0.20455,0.53571,0.20195,0.05779,1
E01015037,0.18072,0.60666,0.19064,0.02197,1
E01015038,0.18192,0.63155,0.16177,0.02476,1
E01015039,0.12348,0.79658,0.07332,0.00662,1
E01015040,0.27021,0.59641,0.12509,0.00829,1
E01015041,0.21322,0.65804,0.11649,0.01226,1
E01015042,0.20213,0.69646,0.09673,0.00467,1
E01015043,0.24091,0.67078,0.07857,0.00974,1
E01015044,0.13724,0.71885,0.12392,0.01999,1
E01015045,0.2122,0.68886,0.08525,0.01369,1
E01015046,0.22368,0.62441,0.13882,0.0131,1
E01015047,0.24195,0.62983,0.11964,0.00858,1
E01015048,0.22762,0.69044,0.07688,0.00506,1
E01015049,0.0756,0.84643,0.06667,0.01131,1
E01015050,0.04488,0.89122,0.04976,0.01415,1
E01015051,0.0506,0.86959,0.0699,0.00991,1
E01015052,0.08468,0.85071,0.05335,0.01126,1
E01015053,0.08357,0.83569,0.07436,0.00637,1
E01015054,0.04749,0.90768,0.03735,0.00747,1
E01015055,0.19556,0.64046,0.14247,0.02151,1
E01015056,0.17104,0.62515,0.16508,0.03874,1
E01015057,0.24559,0.60122,0.12036,0.03283,1
E01015058,0.2312,0.64797,0.11221,0.00863,1
E01015059,0.18544,0.7,0.10886,0.0057,1
E01015060,0.20039,0.6424,0.1482,0.00902,1
E01015061,0.18026,0.71711,0.08947,0.01316,1
E01015062,0.09341,0.84732,0.05073,0.00853,1
E01015063,0.20875,0.62227,0.14977,0.01922,1
E01015064,0.13869,0.54745,0.26521,0.04866,1
E01015065,0.2128,0.51402,0.22861,0.04457,1
E01015066,0.18008,0.60734,0.1935,0.01907,1
E01015067,0.11781,0.5457,0.28301,0.05349,1
E01015068,0.19351,0.60747,0.17697,0.02205,1
E01015069,0.1926,0.64158,0.14222,0.0236,1
E01015070,0.2027,0.65985,0.12124,0.01622,1
E01015071,0.17674,0.58937,0.20199,0.03189,1
E01015072,0.21388,0.64545,0.12794,0.01273,1
E01015073,0.18045,0.6542,0.15157,0.01378,1
E01015074,0.20659,0.59379,0.17554,0.02408,1
E01015075,0.21717,0.58621,0.17828,0.01834,1
E01015076,0.17249,0.65223,0.15293,0.02235,1
E01015077,0.19666,0.62434,0.14224,0.03675,1
E01015078,0.24062,0.61406,0.12746,0.01787,1
E01015079,0.19294,0.59765,0.18294,0.02647,1
E01015080,0.25851,0.65322,0.08197,0.00631,1
E01015081,0.23309,0.59656,0.14453,0.02583,1
E01015082,0.19183,0.62522,0.16341,0.01954,1
E01015083,0.17016,0.6344,0.16091,0.03453,1
E01015084,0.1775,0.59539,0.19776,0.02935,1
E01015085,0.1764,0.58058,0.21891,0.02411,1
E01015086,0.17839,0.58883,0.20377,0.02901,1
E01015087,0.25463,0.63539,0.09564,0.01435,1
E01015088,0.30868,0.59289,0.09027,0.00815,1
E01015089,0.17847,0.58239,0.20523,0.03391,1
E01015090,0.17394,0.5968,0.20597,0.02329,1
E01015091,0.12375,0.58863,0.25619,0.03144,1
E01015092,0.15206,0.71227,0.11815,0.01752,1
E01015093,0.17778,0.60215,0.20215,0.01792,1
E01015094,0.18175,0.59347,0.19733,0.02745,1
E01015095,0.14622,0.54708,0.29101,0.01569,1
E01015096,0.18524,0.5954,0.20752,0.01184,1
E01015097,0.08864,0.51808,0.35048,0.04279,1
E01015098,0.21528,0.64352,0.11632,0.02488,1
E01015099,0.18721,0.69413,0.10943,0.00923,1
E01015100,0.16964,0.72475,0.09373,0.01188,1
E01015101,0.17327,0.53218,0.2104,0.08416,1
E01015102,0.18691,0.66278,0.1259,0.0244,1
E01015103,0.19961,0.68652,0.10144,0.01243,1
E01015104,0.20694,0.60925,0.15553,0.02828,1
E01015105,0.17992,0.67405,0.11669,0.02934,1
E01015106,0.17838,0.61236,0.18764,0.02162,1
E01015107,0.21498,0.67296,0.10684,0.00521,1
E01015108,0.2545,0.59471,0.13704,0.01376,1
E01015109,0.14563,0.69626,0.14702,0.0111,1
E01015110,0.1859,0.63007,0.16906,0.01497,1
E01015111,0.2171,0.68223,0.09278,0.00788,1
E01015112,0.20852,0.60267,0.16338,0.02543,1
E01015113,0.1736,0.58778,0.21977,0.01886,1
E01015114,0.17383,0.6,0.19799,0.02819,1
E01015115,0.13319,0.56268,0.23362,0.07051,1
E01015116,0.17954,0.5935,0.2019,0.02507,1
E01015117,0.15935,0.64686,0.17961,0.01418,1
E01015118,0.1933,0.58288,0.18791,0.03591,1
E01015119,0.22281,0.63298,0.13475,0.00946,1
E01015120,0.17096,0.59585,0.20427,0.02891,1
E01015121,0.16038,0.52695,0.29043,0.02224,1
E01015122,0.18154,0.56877,0.20694,0.04275,1
E01015123,0.12027,0.50223,0.27673,0.10078,1
E01015124,0.16003,0.54522,0.24288,0.05187,1
E01015125,0.17043,0.58231,0.22983,0.01743,1
E01015126,0.14501,0.4658,0.30438,0.08482,1
E01015127,0.14807,0.54226,0.26707,0.0426,1
E01015128,0.1418,0.56538,0.25844,0.03438,1
E01015129,0.20742,0.65316,0.11882,0.0206,1
E01015130,0.22661,0.63001,0.13791,0.00547,1
E01015131,0.13588,0.47164,0.32454,0.06794,1
E01015132,0.16545,0.55592,0.23494,0.04368,1
E01015133,0.1405,0.54156,0.27573,0.04222,1
E01015134,0.18062,0.57416,0.18985,0.05537,1
E01015135,0.20343,0.6031,0.16584,0.02764,1
E01015136,0.17316,0.59875,0.19541,0.03268,1
E01015137,0.19408,0.6142,0.16805,0.02367,1
E01015138,0.1735,0.55987,0.24557,0.02106,1
E01015139,0.18568,0.55422,0.21191,0.04819,1
E01015140,0.20816,0.46259,0.27891,0.05034,1
E01015141,0.17431,0.53594,0.26429,0.02547,1
E01015142,0.19177,0.63738,0.14923,0.02162,1
E01015143,0.15682,0.60606,0.21667,0.02045,1
E01015144,0.2294,0.64207,0.10886,0.01968,1
E01015145,0.39234,0.57867,0.02692,0.00207,1
E01015146,0.26468,0.65042,0.08071,0.00419,1
E01015147,0.14226,0.58243,0.23849,0.03682,1
E01015148,0.19637,0.64938,0.13869,0.01555,1
E01015149,0.21742,0.61902,0.14694,0.01662,1
E01015150,0.15228,0.61825,0.20281,0.02667,1
E01015151,0.14978,0.76597,0.07434,0.00991,1
E01015152,0.17248,0.696,0.12089,0.01062,1
E01015153,0.17065,0.68316,0.11718,0.02901,1
E01015155,0.20222,0.69166,0.09715,0.00898,1
E01015156,0.06369,0.80282,0.12676,0.00674,1
E01015157,0.10054,0.73314,0.13741,0.02891,1
E01015158,0.09584,0.6925,0.18067,0.031,1
E01015159,0.15556,0.5716,0.23642,0.03642,1
E01015160,0.14028,0.55486,0.26875,0.03611,1
E01015161,0.19344,0.57758,0.21736,0.01162,1
E01015162,0.20894,0.60578,0.15637,0.02891,1
E01015163,0.16367,0.56008,0.23757,0.03867,1
E01015164,0.25781,0.62667,0.10759,0.00793,1
E01015165,0.27019,0.62287,0.09784,0.0091,1
E01015166,0.24219,0.63069,0.12132,0.0058,1
E01015167,0.17944,0.70438,0.09976,0.01642,1
E01015168,0.18108,0.71126,0.09951,0.00816,1
E01015169,0.10831,0.72976,0.13249,0.02944,1
E01015170,0.1956,0.63386,0.13631,0.03423,1
E01015171,0.11502,0.68369,0.16021,0.04108,1
E01015172,0.14589,0.72945,0.11214,0.01252,1
E01015173,0.17031,0.6465,0.14678,0.03641,1
E01015174,0.14777,0.67715,0.1549,0.02018,1
E01015175,0.15135,0.73468,0.1011,0.01287,1
E01015176,0.1753,0.63147,0.16401,0.02922,1
E01015177,0.16894,0.719,0.09727,0.01479,1
E01015178,0.11891,0.80802,0.06113,0.01194,1
E01015179,0.12907,0.80126,0.05654,0.01314,1
E01015180,0.20555,0.66257,0.11479,0.01708,1
E01015181,0.1774,0.72409,0.09057,0.00794,1
E01015182,0.21794,0.66699,0.09459,0.02048,1
E01015183,0.15191,0.54932,0.2563,0.04248,1
E01015184,0.09014,0.42912,0.41757,0.06317,1
E01015185,0.12061,0.53435,0.30153,0.04351,1
E01015186,0.15576,0.59293,0.23552,0.0158,1
E01015187,0.10743,0.46215,0.38717,0.04326,1
E01015188,0.13609,0.50434,0.31554,0.04403,1
E01015189,0.12909,0.59775,0.24696,0.02619,1
E01015190,0.18011,0.55091,0.2578,0.01118,1
E01015191,0.21218,0.6299,0.14346,0.01447,1
E01015192,0.24403,0.59393,0.14332,0.01872,1
E01015193,0.17906,0.55795,0.23102,0.03197,1
E01015194,0.1975,0.58901,0.1968,0.01669,1
E01015195,0.20333,0.60738,0.16381,0.02548,1
E01015196,0.31165,0.57975,0.09502,0.01357,1
E01015197,0.1065,0.48463,0.3574,0.05147,1
E01015198,0.1041,0.49022,0.34953,0.05615,1
E01015199,0.0925,0.44938,0.36489,0.09323,1
E01015200,0.20527,0.50188,0.25706,0.03578,1
E01015201,0.10968,0.55673,0.28593,0.04766,1
E01015202,0.23376,0.5758,0.16497,0.02548,1
E01015203,0.15793,0.5224,0.26651,0.05315,1
E01015204,0.19596,0.61018,0.17922,0.01464,1
E01015205,0.18175,0.57193,0.22246,0.02386,1
E01015206,0.18273,0.57564,0.18474,0.05689,1
E01015207,0.21216,0.61414,0.15571,0.01799,1
E01015208,0.0981,0.48076,0.36423,0.05691,1
E01015209,0.1534,0.57164,0.23155,0.04342,1
E01015210,0.23997,0.59524,0.14035,0.02444,1
E01015211,0.20944,0.54455,0.22008,0.02593,1
E01015212,0.22505,0.62637,0.13474,0.01384,1
E01015213,0.22169,0.61153,0.14644,0.02034,1
E01015214,0.23626,0.63526,0.10493,0.02355,1
E01015215,0.20243,0.62146,0.15789,0.01822,1
E01015216,0.19708,0.63066,0.16058,0.01168,1
E01015217,0.19809,0.66289,0.12112,0.0179,1
E01015218,0.18326,0.61549,0.17842,0.02282,1
E01015219,0.1127,0.50488,0.32156,0.06086,1
E01015220,0.11773,0.56733,0.28845,0.02649,1
E01015221,0.14305,0.57153,0.25017,0.03525,1
E01015222,0.15843,0.54119,0.26743,0.03295,1
E01015223,0.17054,0.61783,0.19302,0.0186,1
E01015224,0.18506,0.57642,0.2111,0.02742,1
E01015225,0.15741,0.58003,0.2037,0.05886,1
E01015226,0.15149,0.52134,0.29232,0.03485,1
E01015227,0.17571,0.56331,0.21382,0.04716,1
E01015228,0.14943,0.52874,0.25415,0.06769,1
E01015229,0.12935,0.49513,0.26843,0.10709,1
E01015230,0.11898,0.4738,0.36402,0.0432,1
E01015231,0.1857,0.63221,0.14603,0.03606,1
E01015232,0.08615,0.65146,0.22635,0.03604,1
E01015233,0.14921,0.59684,0.2109,0.04304,1
E01015234,0.20731,0.6443,0.13647,0.01193,1
E01015235,0.07172,0.48222,0.35743,0.08863,1
E01015236,0.13866,0.59681,0.23898,0.02556,1
E01015237,0.21164,0.624,0.14764,0.01673,1
E01015238,0.19802,0.56223,0.19731,0.04243,1
E01015239,0.11768,0.48489,0.28424,0.11318,1
E01015240,0.11897,0.44349,0.32188,0.11566,1
E01015241,0.17065,0.57437,0.20784,0.04714,1
E01015242,0.2364,0.6148,0.13218,0.01662,1
E01015243,0.13158,0.55031,0.27864,0.03947,1
E01015244,0.14003,0.54455,0.28571,0.0297,1
E01015245,0.14275,0.51784,0.29461,0.0448,1
E01015246,0.14656,0.48738,0.27139,0.09467,1
E01015247,0.17804,0.56472,0.22938,0.02785,1
E01015248,0.17796,0.60712,0.18823,0.02669,1
E01015249,0.22134,0.6004,0.14844,0.02982,1
E01015250,0.23235,0.5963,0.14599,0.02536,1
E01015251,0.16097,0.61885,0.196,0.02419,1
E01015252,0.24331,0.63121,0.11227,0.01321,1
E01015253,0.2394,0.65625,0.09821,0.00614,1
E01015254,0.15395,0.54379,0.2613,0.04096,1
E01015255,0.15566,0.69634,0.11498,0.03302,1
E01015256,0.11018,0.68456,0.17953,0.02573,1
E01015257,0.20474,0.62796,0.15508,0.01222,1
E01015258,0.17055,0.63325,0.17957,0.01663,1
E01015259,0.22929,0.65754,0.10059,0.01257,1
E01015260,0.15245,0.64473,0.17864,0.02418,1
E01015261,0.17139,0.64063,0.16064,0.02734,1
E01015262,0.19336,0.6155,0.17196,0.01919,1
E01015263,0.27715,0.58775,0.11932,0.01578,1
E01015264,0.12901,0.52137,0.31527,0.03435,1
E01015265,0.1368,0.51573,0.30575,0.04172,1
E01015266,0.22518,0.6036,0.1539,0.01732,1
E01015267,0.09178,0.58636,0.25303,0.06883,1
E01015268,0.08633,0.51145,0.33355,0.06867,1
E01015269,0.09742,0.54431,0.29038,0.06788,1
E01015270,0.06827,0.52971,0.33502,0.067,1
E01015271,0.09571,0.43772,0.39761,0.06897,1
E01019886,0.18754,0.56669,0.22376,0.022,1
E01019887,0.19278,0.56415,0.19084,0.05222,1
E01019888,0.09271,0.52749,0.30115,0.07864,1
E01019889,0.15774,0.52677,0.2677,0.04778,1
E01019890,0.15639,0.52381,0.28247,0.03734,1
E01019891,0.16576,0.62024,0.18546,0.02853,1
E01019892,0.29735,0.61151,0.07894,0.0122,1
E01019893,0.22287,0.59899,0.15597,0.02217,1
E01019894,0.07107,0.36253,0.45441,0.11199,1
E01019895,0.1255,0.43625,0.36388,0.07437,1
E01019896,0.09816,0.40785,0.40912,0.08486,1
E01019897,0.20038,0.56338,0.20038,0.03585,1
E01019898,0.15149,0.52681,0.27957,0.04213,1
E01019899,0.15988,0.54288,0.24927,0.04797,1
E01019900,0.136,0.4448,0.34827,0.07093,1
E01019901,0.13824,0.54395,0.29001,0.0278,1
E01019902,0.14509,0.52552,0.27599,0.0534,1
E01019903,0.16496,0.57859,0.22092,0.03552,1
E01019904,0.17708,0.56417,0.22924,0.02951,1
E01019905,0.14404,0.60415,0.21606,0.03575,1
E01019906,0.16346,0.59535,0.21462,0.02658,1
E01019907,0.14515,0.51104,0.30635,0.03746,1
E01019908,0.24362,0.64362,0.1,0.01277,1
E01019909,0.14169,0.49591,0.30354,0.05886,1
E01019910,0.17988,0.55444,0.23609,0.02959,1
E01019911,0.10324,0.42819,0.3812,0.08736,1
E01019912,0.10854,0.51779,0.29597,0.0777,1
E01019913,0.06544,0.34682,0.39917,0.18858,1
E01019914,0.20567,0.55986,0.19622,0.03825,1
E01019915,0.13051,0.46682,0.31567,0.08701,1
E01019916,0.19635,0.66354,0.11495,0.02516,1
E01019917,0.19586,0.63478,0.13898,0.03038,1
E01019918,0.10678,0.68019,0.18633,0.0267,1
E01019919,0.1987,0.63443,0.14446,0.02241,1
E01019920,0.18581,0.62272,0.17137,0.02009,1
E01019921,0.18956,0.58414,0.19084,0.03546,1
E01019922,0.18396,0.56941,0.21226,0.03437,1
E01019923,0.16775,0.5798,0.22476,0.02769,1
E01019924,0.21932,0.6299,0.1423,0.00849,1
E01019925,0.20547,0.60547,0.17578,0.01328,1
E01019927,0.18637,0.55991,0.19577,0.05795,1
E01019928,0.18825,0.60156,0.17127,0.03892,1
E01019929,0.18618,0.6086,0.17701,0.02821,1
E01019930,0.15912,0.53678,0.25177,0.05233,1
E01019931,0.13423,0.54805,0.26211,0.0556,1
E01019932,0.13261,0.59132,0.2387,0.03737,1
E01019933,0.13823,0.56319,0.24724,0.05134,1
E01019934,0.11919,0.51091,0.3089,0.061,1
E01019935,0.1144,0.5096,0.3208,0.0552,1
E01019936,0.13067,0.50091,0.3176,0.05082,1
E01019937,0.15117,0.5338,0.27371,0.04131,1
E01019938,0.15562,0.54098,0.27724,0.02616,1
E01019939,0.16502,0.50495,0.29637,0.03366,1
E01019940,0.14619,0.48771,0.31695,0.04915,1
E01019942,0.16937,0.57715,0.20534,0.04814,1
E01019943,0.19497,0.53525,0.23421,0.03556,1
E01019944,0.21261,0.58147,0.17522,0.03069,1
E01019945,0.14093,0.61418,0.21009,0.0348,1
E01019946,0.07836,0.3954,0.42344,0.1028,1
E01019947,0.10337,0.49652,0.30905,0.09106,1
E01019948,0.11972,0.42134,0.38373,0.07521,1
E01019949,0.11194,0.43962,0.3616,0.08684,1
E01019950,0.11084,0.46816,0.36642,0.05459,1
E01019951,0.10878,0.45658,0.36368,0.07096,1
E01019952,0.12175,0.47894,0.32429,0.07501,1
E01019953,0.12113,0.43779,0.35945,0.08163,1
E01019954,0.192,0.578,0.1955,0.0345,1
E01019955,0.1588,0.4905,0.29675,0.05395,1
E01019956,0.09994,0.4791,0.30042,0.12053,1
E01019957,0.04952,0.33371,0.4637,0.15307,1
E01019958,0.13467,0.44889,0.34776,0.06869,1
E01019959,0.19377,0.53328,0.24853,0.02443,1
E01019960,0.20626,0.56472,0.21124,0.01778,1
E01019961,0.14627,0.55312,0.26482,0.0358,1
E01019962,0.16311,0.60351,0.20954,0.02384,1
E01019963,0.20201,0.544,0.21914,0.03485,1
E01019964,0.08234,0.78908,0.11405,0.01453,1
E01019965,0.2283,0.5246,0.21282,0.03427,1
E01019966,0.12981,0.51442,0.31827,0.0375,1
E01019967,0.16059,0.51435,0.29403,0.03103,1
E01019968,0.15448,0.55563,0.2384,0.05149,1
E01019969,0.14712,0.6555,0.1697,0.02768,1
E01019970,0.18188,0.60014,0.16277,0.0552,1
E01019971,0.12261,0.73684,0.10758,0.03297,1
E01019972,0.2049,0.69503,0.08577,0.0143,1
E01019973,0.15223,0.6122,0.19816,0.0374,1
E01019974,0.13357,0.60571,0.22214,0.03857,1
E01019975,0.25844,0.61406,0.11234,0.01516,1
E01019976,0.13807,0.5503,0.22485,0.08679,1
E01019977,0.17184,0.61137,0.18638,0.0304,1
E01019980,0.22996,0.68486,0.08296,0.00223,1
E01019981,0.20708,0.64395,0.13226,0.0167,1
E01019982,0.19561,0.72591,0.06694,0.01154,1
E01019983,0.15832,0.59586,0.23046,0.01536,1
E01019984,0.18846,0.66342,0.13352,0.0146,1
E01019985,0.2362,0.67093,0.08412,0.00875,1
E01019986,0.17616,0.63196,0.16372,0.02816,1
E01019987,0.12988,0.72977,0.11447,0.02587,1
E01019988,0.15765,0.61231,0.1793,0.05074,1
E01019989,0.16101,0.70166,0.09708,0.04025,1
E01019990,0.25,0.63587,0.10734,0.00679,1
E01019991,0.24084,0.6406,0.10118,0.01738,1
E01019992,0.17402,0.6466,0.14303,0.03635,1
E01019993,0.14297,0.69199,0.14052,0.02451,1
E01019994,0.10193,0.78676,0.10135,0.00996,1
E01019995,0.07982,0.78343,0.10727,0.02949,1
E01019996,0.10103,0.71665,0.11523,0.06709,1
E01019997,0.07874,0.85679,0.05704,0.00744,1
E01019998,0.17589,0.62199,0.16809,0.03404,1
E01019999,0.13244,0.66815,0.15774,0.04167,1
E01020000,0.17847,0.64528,0.14454,0.03171,1
E01020001,0.11855,0.61817,0.24634,0.01694,1
E01020002,0.21272,0.60763,0.13893,0.04071,1
E01020003,0.15901,0.56142,0.23651,0.04305,1
E01020004,0.14908,0.62995,0.18206,0.03892,1
E01020005,0.21609,0.61394,0.14155,0.02842,1
E01020006,0.18623,0.70503,0.0947,0.01405,1
E01020007,0.08949,0.86421,0.03755,0.00876,1
E01020008,0.09448,0.8535,0.04459,0.00743,1
E01020009,0.16311,0.7055,0.10421,0.02718,1
E01020010,0.22189,0.65874,0.10451,0.01486,1
E01020011,0.14579,0.58011,0.23766,0.03645,1
E01020012,0.19737,0.64773,0.1262,0.02871,1
E01020013,0.13559,0.71629,0.12601,0.02211,1
E01020014,0.21442,0.66402,0.11179,0.00977,1
E01020015,0.22434,0.64776,0.10882,0.01908,1
E01020016,0.08355,0.79856,0.09669,0.0212,1
E01020017,0.09851,0.8455,0.04359,0.0124,1
E01020018,0.05483,0.80018,0.11645,0.02855,1
E01020019,0.0337,0.85463,0.07948,0.03219,1
E01020020,0.07035,0.85988,0.05407,0.0157,1
E01020021,0.08452,0.8112,0.08068,0.0236,1
E01020022,0.06007,0.88429,0.04185,0.01379,1
E01020023,0.19317,0.62792,0.14909,0.02982,1
E01020024,0.1687,0.59654,0.18217,0.0526,1
E01020025,0.14158,0.7508,0.09481,0.01281,1
E01020026,0.12978,0.61236,0.23315,0.02472,1
E01020027,0.17375,0.64264,0.16636,0.01725,1
E01020029,0.15761,0.69867,0.12077,0.02295,1
E01020030,0.16953,0.69102,0.09981,0.03964,1
E01020031,0.19305,0.67568,0.11197,0.01931,1
E01020032,0.13831,0.72,0.12814,0.01356,1
E01020033,0.20968,0.52688,0.21413,0.04931,1
E01020035,0.23331,0.6373,0.1201,0.00929,1
E01020036,0.18721,0.60209,0.16308,0.04762,1
E01020037,0.21956,0.61013,0.14356,0.02674,1
E01020038,0.17828,0.64728,0.1525,0.02194,1
E01020039,0.18422,0.63055,0.15177,0.03345,1
E01020040,0.1708,0.61898,0.17883,0.03139,1
E01020041,0.22437,0.62731,0.12815,0.02017,1
E01020042,0.16259,0.56623,0.2285,0.04269,1
E01020043,0.22113,0.57445,0.1774,0.02703,1
E01020044,0.1679,0.57011,0.22509,0.0369,1
E01020045,0.16018,0.58354,0.22299,0.03329,1
E01020046,0.17244,0.59936,0.21154,0.01667,1
E01020047,0.15118,0.5386,0.24827,0.06195,1
E01020048,0.1858,0.63024,0.15537,0.02858,1
E01020049,0.12356,0.56792,0.26708,0.04144,1
E01020050,0.13705,0.53175,0.28323,0.04797,1
E01020051,0.10436,0.50573,0.33601,0.0539,1
E01020052,0.18906,0.59372,0.18093,0.03629,1
E01020053,0.21376,0.57248,0.19773,0.01603,1
E01020054,0.21772,0.60886,0.15254,0.02088,1
E01020055,0.15925,0.60406,0.18342,0.05327,1
E01020056,0.17079,0.60899,0.19146,0.02876,1
E01020057,0.22119,0.62795,0.1342,0.01666,1
E01020058,0.16013,0.61983,0.19512,0.02492,1
E01020059,0.19793,0.59142,0.18897,0.02168,1
E01020060,0.1358,0.57475,0.22037,0.06909,1
E01020061,0.19388,0.58673,0.18135,0.03803,1
E01020062,0.15641,0.59038,0.20897,0.04423,1
E01020063,0.18581,0.56751,0.2104,0.03628,1
E01020064,0.20525,0.59646,0.17149,0.0268,1
E01020065,0.23487,0.62392,0.12056,0.02065,1
E01020066,0.21952,0.63058,0.13324,0.01666,1
E01020067,0.27838,0.59427,0.11204,0.0153,1
E01020068,0.15663,0.57152,0.23948,0.03236,1
E01020069,0.17377,0.5767,0.22151,0.02801,1
E01020070,0.15756,0.5836,0.22454,0.0343,1
E01020071,0.17132,0.56405,0.22562,0.03901,1
E01020072,0.16826,0.57399,0.22733,0.03043,1
E01020073,0.15018,0.55066,0.25995,0.0392,1
E01020074,0.17294,0.58438,0.21664,0.02603,1
E01020075,0.18343,0.58767,0.19757,0.03133,1
E01020076,0.18279,0.61755,0.1811,0.01856,1
E01020077,0.18187,0.59618,0.20099,0.02096,1
E01020078,0.19415,0.601,0.16203,0.04283,1
E01020079,0.19387,0.57241,0.20536,0.02835,1
E01020080,0.15777,0.53611,0.26217,0.04396,1
E01020081,0.18175,0.55049,0.24607,0.02169,1
E01020082,0.15481,0.58745,0.2318,0.02594,1
E01020083,0.20759,0.59059,0.18655,0.01527,1
E01020084,0.17014,0.55145,0.22932,0.04909,1
E01020085,0.20703,0.64537,0.12971,0.01789,1
E01020086,0.16148,0.546,0.26208,0.03044,1
E01020087,0.13636,0.55034,0.28201,0.03128,1
E01020088,0.16347,0.57095,0.22723,0.03835,1
E01020089,0.2094,0.58079,0.17519,0.03462,1
E01020090,0.15169,0.54663,0.24831,0.05337,1
E01020091,0.15976,0.55614,0.2517,0.0324,1
E01020092,0.12933,0.49046,0.30742,0.07279,1
E01020093,0.18386,0.54807,0.22105,0.04702,1
E01020094,0.10664,0.62096,0.21268,0.05972,1
E01020095,0.22422,0.62675,0.12442,0.02462,1
E01020096,0.15285,0.62787,0.17578,0.0435,1
E01020097,0.1399,0.57902,0.25518,0.02591,1
E01020098,0.13746,0.55692,0.26547,0.04015,1
E01020099,0.13449,0.55531,0.27766,0.03254,1
E01020100,0.13666,0.54571,0.28275,0.03487,1
E01020101,0.15929,0.54323,0.25528,0.04221,1
E01020102,0.19951,0.6572,0.11921,0.02409,1
E01020103,0.27184,0.60922,0.10558,0.01335,1
E01020104,0.27146,0.6361,0.08951,0.00293,1
E01020105,0.18589,0.57083,0.20741,0.03586,1
E01020106,0.10769,0.4724,0.36742,0.05249,1
E01020107,0.13009,0.48267,0.31003,0.0772,1
E01020108,0.17192,0.57516,0.23177,0.02115,1
E01020109,0.19138,0.56285,0.21963,0.02613,1
E01020110,0.2076,0.64159,0.12611,0.02471,1
E01020111,0.22165,0.59473,0.16167,0.02195,1
E01020112,0.13857,0.64868,0.17903,0.03372,1
E01020113,0.18357,0.59046,0.17826,0.04771,1
E01020114,0.18286,0.59429,0.19347,0.02939,1
E01020115,0.15842,0.56683,0.2467,0.02805,1
E01020116,0.17229,0.59534,0.19804,0.03433,1
E01020117,0.14266,0.56326,0.25707,0.03701,1
E01020118,0.20888,0.61936,0.15575,0.01601,1
E01020119,0.10709,0.5461,0.30142,0.04539,1
E01020120,0.18021,0.57292,0.20833,0.03854,1
E01020121,0.18806,0.58626,0.20211,0.02357,1
E01020122,0.15956,0.60601,0.21038,0.02404,1
E01020123,0.19168,0.55296,0.22027,0.03509,1
E01020124,0.11928,0.55214,0.26857,0.06002,1
E01020125,0.13593,0.50478,0.32109,0.03821,1
E01020126,0.10075,0.58147,0.26928,0.04851,1
E01020127,0.17421,0.5819,0.22049,0.0234,1
E01020128,0.17518,0.55607,0.21898,0.04977,1
E01020129,0.18808,0.60789,0.18556,0.01847,1
E01020130,0.19454,0.67488,0.11792,0.01266,1
E01020131,0.17634,0.60279,0.19838,0.02249,1
E01020132,0.14823,0.57904,0.23046,0.04227,1
E01020133,0.16199,0.60238,0.21669,0.01893,1
E01020134,0.21291,0.59681,0.1492,0.04107,1
E01020135,0.20232,0.54095,0.20905,0.04768,1
E01020136,0.17285,0.56379,0.22574,0.03762,1
E01020137,0.15251,0.5888,0.20206,0.05663,1
E01020138,0.16233,0.55803,0.23998,0.03965,1
E01020139,0.19375,0.60823,0.17459,0.02342,1
E01020140,0.15101,0.54873,0.27041,0.02985,1
E01020141,0.26536,0.6112,0.1131,0.01033,1
E01020142,0.20275,0.56784,0.20353,0.02588,1
E01020143,0.17953,0.6,0.20896,0.01151,1
E01020144,0.18467,0.71638,0.09477,0.00418,1
E01020145,0.12718,0.6689,0.18965,0.01428,1
E01020146,0.17983,0.65546,0.14454,0.02017,1
E01020147,0.12976,0.56123,0.27775,0.03127,1
E01020148,0.15398,0.60619,0.22743,0.01239,1
E01020149,0.191,0.58112,0.21018,0.0177,1
E01020150,0.14926,0.54729,0.23948,0.06397,1
E01020151,0.08291,0.48214,0.37628,0.05867,1
E01020152,0.08309,0.52671,0.31677,0.07344,1
E01020153,0.08971,0.50748,0.365,0.03782,1
E01020154,0.15966,0.72334,0.10601,0.01099,1
E01020155,0.19276,0.59457,0.17647,0.0362,1
E01020156,0.15766,0.54273,0.26523,0.03438,1
E01020157,0.17211,0.57185,0.2323,0.02374,1
E01020158,0.16336,0.58559,0.21682,0.03423,1
E01020159,0.18199,0.57448,0.21697,0.02655,1
E01020160,0.16667,0.61964,0.1954,0.01829,1
E01020161,0.16809,0.54933,0.22371,0.05887,1
E01020162,0.21571,0.6303,0.14963,0.00436,1
E01020163,0.20258,0.62346,0.15713,0.01684,1
E01020164,0.18558,0.6235,0.17156,0.01936,1
E01020165,0.21596,0.65421,0.12033,0.0095,1
E01020166,0.18784,0.57905,0.19797,0.03514,1
E01020167,0.19698,0.63396,0.14717,0.02189,1
E01020168,0.15098,0.49608,0.28578,0.06716,1
E01020169,0.16593,0.62011,0.17082,0.04315,1
E01020170,0.14581,0.54468,0.27375,0.03575,1
E01020171,0.11711,0.51052,0.32758,0.04479,1
E01020172,0.15495,0.51909,0.28445,0.04151,1
E01020173,0.09043,0.50448,0.3423,0.06278,1
E01020174,0.13338,0.50329,0.32392,0.03942,1
E01020175,0.12618,0.48579,0.35262,0.03541,1
E01020176,0.13533,0.54859,0.26521,0.05086,1
E01020177,0.173,0.54079,0.22222,0.06399,1
E01020178,0.14556,0.48326,0.32557,0.04561,1
E01020179,0.13257,0.4899,0.33247,0.04505,1
E01020180,0.19093,0.57229,0.20453,0.03224,1
E01020181,0.16278,0.55663,0.23791,0.04269,1
E01020182,0.18378,0.64527,0.14797,0.02297,1
E01020183,0.13078,0.56431,0.25145,0.05347,1
E01020184,0.13577,0.58772,0.24241,0.0341,1
E01020185,0.13716,0.50192,0.32261,0.03831,1
E01020186,0.10426,0.45106,0.40213,0.04255,1
E01020187,0.18086,0.58319,0.20256,0.03339,1
E01020188,0.15602,0.55026,0.26492,0.0288,1
E01020189,0.15456,0.56183,0.23602,0.0476,1
E01020190,0.192,0.51664,0.25989,0.03147,1
E01020191,0.10907,0.72873,0.13587,0.02633,1
E01020192,0.12619,0.52933,0.28854,0.05593,1
E01020193,0.18045,0.59649,0.18734,0.03571,1
E01020194,0.19441,0.62184,0.16178,0.02197,1
E01020195,0.18112,0.60993,0.17621,0.03273,1
E01020196,0.15786,0.58735,0.20778,0.04701,1
E01020197,0.14107,0.53213,0.30172,0.02508,1
E01020198,0.19242,0.62289,0.16924,0.01545,1
E01020199,0.19127,0.59533,0.18512,0.02829,1
E01020200,0.09799,0.53755,0.32143,0.04304,1
E01020201,0.10547,0.4443,0.36519,0.08504,1
E01020202,0.14956,0.45861,0.33278,0.05905,1
E01020203,0.13666,0.45982,0.3261,0.07742,1
E01020204,0.24212,0.65132,0.09647,0.01009,1
E01020205,0.13106,0.53925,0.27645,0.05324,1
E01020206,0.18182,0.59721,0.18514,0.03583,1
E01020207,0.23893,0.60603,0.10697,0.04807,1
E01020208,0.1934,0.61006,0.16274,0.03381,1
E01020209,0.20321,0.59358,0.18715,0.01606,1
E01020210,0.12552,0.57772,0.26351,0.03325,1
E01020211,0.22172,0.62484,0.13979,0.01365,1
E01020212,0.20925,0.61882,0.15004,0.0219,1
E01020213,0.17325,0.56917,0.22793,0.02964,1
E01020214,0.12524,0.58658,0.25431,0.03387,1
E01020215,0.11205,0.55871,0.29547,0.03377,1
E01020216,0.21385,0.62394,0.13426,0.02795,1
E01020217,0.17166,0.60024,0.17813,0.04997,1
E01020218,0.17636,0.66727,0.12182,0.03455,1
E01020219,0.19544,0.65072,0.13864,0.01521,1
E01020220,0.20622,0.61041,0.16244,0.02094,1
E01020221,0.17644,0.61269,0.1872,0.02367,1
E01020222,0.18819,0.60079,0.18583,0.0252,1
E01020223,0.15473,0.60566,0.22113,0.01848,1
E01020224,0.21176,0.66975,0.1042,0.01429,1
E01020225,0.19459,0.65472,0.12802,0.02268,1
E01020226,0.1495,0.50787,0.25322,0.08941,1
E01020227,0.14493,0.54796,0.23119,0.07591,1
E01020228,0.11435,0.51572,0.29445,0.07547,1
E01020229,0.14782,0.56084,0.25936,0.03198,1
E01020230,0.13728,0.58994,0.23373,0.03905,1
E01020231,0.15186,0.55769,0.25265,0.0378,1
E01020232,0.22532,0.59742,0.16434,0.01292,1
E01020233,0.0962,0.45276,0.38249,0.06855,1
E01020234,0.19225,0.60304,0.17358,0.03112,1
E01020235,0.12783,0.53225,0.27949,0.06043,1
E01020236,0.12183,0.56909,0.27228,0.03679,1
E01020237,0.16255,0.58388,0.22172,0.03186,1
E01020238,0.18088,0.52988,0.24462,0.04462,1
E01020239,0.1451,0.52784,0.27373,0.05333,1
E01020240,0.17599,0.55562,0.20659,0.0618,1
E01020241,0.17148,0.63214,0.17431,0.02207,1
E01020242,0.22543,0.6155,0.14539,0.01368,1
E01020243,0.16537,0.59259,0.21533,0.0267,1
E01020244,0.16476,0.57632,0.21612,0.0428,1
E01020245,0.1506,0.58664,0.22873,0.03403,1
E01020246,0.14221,0.63456,0.20522,0.018,1
E01020247,0.1963,0.55988,0.20741,0.03642,1
E01020248,0.15713,0.55724,0.25982,0.02581,1
E01020249,0.12211,0.55473,0.28891,0.03425,1
E01020250,0.14104,0.56607,0.25476,0.03812,1
E01020251,0.1622,0.61856,0.19038,0.02887,1
E01020252,0.16355,0.60776,0.17048,0.05821,1
E01020253,0.20201,0.66174,0.12685,0.0094,1
E01020254,0.21157,0.59517,0.15666,0.0366,1
E01020255,0.15308,0.56923,0.25615,0.02154,1
E01020256,0.18336,0.59097,0.1897,0.03597,1
E01020257,0.1425,0.59667,0.22417,0.03667,1
E01020258,0.14149,0.57664,0.23189,0.04997,1
E01020259,0.13484,0.5629,0.26606,0.0362,1
E01020260,0.13276,0.4564,0.33936,0.07148,1
E01020261,0.13917,0.53833,0.28583,0.03667,1
E01020262,0.11536,0.55309,0.2712,0.06035,1
E01020263,0.13099,0.47476,0.35016,0.04409,1
E01020264,0.11393,0.55469,0.23893,0.09245,1
E01020265,0.15431,0.54306,0.26675,0.03589,1
E01020266,0.15605,0.57832,0.23407,0.03157,1
E01020267,0.14107,0.5445,0.2617,0.05274,1
E01020268,0.15047,0.47717,0.30855,0.06382,1
E01020269,0.068,0.54459,0.30323,0.08417,1
E01020270,0.1822,0.58042,0.21662,0.02077,1
E01020271,0.18551,0.63523,0.14179,0.03748,1
E01020272,0.23255,0.61439,0.13534,0.01772,1
E01020273,0.16523,0.56322,0.24282,0.02874,1
E01020274,0.15738,0.59714,0.22967,0.01581,1
E01020275,0.12665,0.60373,0.24398,0.02564,1
E01020276,0.14208,0.52706,0.29432,0.03654,1
E01020277,0.22104,0.57785,0.17794,0.02317,1
E01020278,0.18044,0.60814,0.20352,0.0079,1
E01020279,0.22503,0.61662,0.14911,0.00923,1
E01020280,0.18182,0.6624,0.13636,0.01942,1
E01020281,0.16866,0.60134,0.19981,0.03019,1
E01020282,0.18708,0.53415,0.23446,0.04431,1
E01020283,0.15752,0.54775,0.25631,0.03842,1
E01020284,0.21503,0.6258,0.13594,0.02323,1
E01020285,0.22723,0.63087,0.12081,0.02109,1
E01020286,0.17138,0.57523,0.23077,0.02262,1
E01020287,0.14525,0.55618,0.26133,0.03724,1
E01020288,0.14926,0.58108,0.24631,0.02334,1
E01020289,0.12092,0.55854,0.29687,0.02367,1
E01020290,0.13173,0.54296,0.28179,0.04353,1
E01020291,0.17952,0.58012,0.21807,0.02229,1
E01020292,0.14827,0.57317,0.24519,0.03338,1
E01020293,0.14927,0.59619,0.23004,0.0245,1
E01020294,0.19161,0.54406,0.21352,0.05082,1
E01020295,0.15796,0.50571,0.26967,0.06667,1
E01020296,0.12873,0.5664,0.27507,0.02981,1
E01020297,0.18531,0.54551,0.24512,0.02406,1
E01020298,0.13027,0.47334,0.3287,0.06769,1
E01020299,0.10697,0.53863,0.30848,0.04592,1
E01020300,0.11443,0.52271,0.3019,0.06095,1
E01020301,0.16166,0.58859,0.22322,0.02653,1
E01020302,0.15827,0.56572,0.24151,0.0345,1
E01020303,0.13255,0.56597,0.2725,0.02898,1
E01020304,0.17759,0.57871,0.21064,0.03305,1
E01020305,0.15179,0.60714,0.20714,0.03393,1
E01020306,0.19514,0.59404,0.18966,0.02116,1
E01020307,0.20848,0.56949,0.18316,0.03887,1
E01020308,0.13803,0.61429,0.22586,0.02182,1
E01020309,0.14966,0.59922,0.23094,0.02018,1
E01020310,0.08567,0.51267,0.3427,0.05896,1
E01020311,0.16349,0.53553,0.27589,0.02508,1
E01020312,0.10949,0.52089,0.33924,0.03038,1
E01020313,0.18854,0.58356,0.19268,0.03522,1
E01020314,0.15984,0.5528,0.24409,0.04328,1
E01020315,0.16954,0.54172,0.22185,0.06689,1
E01020316,0.14208,0.55574,0.27104,0.03115,1
E01020317,0.13131,0.54181,0.27851,0.04838,1
E01020318,0.138,0.52889,0.29504,0.03807,1
E01020319,0.13675,0.59035,0.25214,0.02076,1
E01020320,0.12609,0.55782,0.28298,0.03312,1
E01020321,0.16861,0.60026,0.19707,0.03407,1
E01020322,0.17832,0.5834,0.20407,0.0342,1
E01020323,0.12882,0.67557,0.17748,0.01813,1
E01020324,0.11015,0.57797,0.27074,0.04114,1
E01020325,0.16361,0.59219,0.22161,0.02259,1
E01020326,0.17435,0.59414,0.19789,0.03362,1
E01020327,0.17444,0.55403,0.23258,0.03895,1
E01020328,0.23569,0.61941,0.1297,0.01521,1
E01020329,0.13887,0.55929,0.25491,0.04692,1
E01020330,0.17241,0.54795,0.22683,0.0528,1
E01020331,0.14785,0.5446,0.26825,0.0393,1
E01020332,0.13596,0.60674,0.21011,0.04719,1
E01020333,0.17083,0.57552,0.22083,0.03281,1
E01020334,0.18268,0.59685,0.19318,0.0273,1
E01020335,0.13645,0.48817,0.2929,0.08247,1
E01020336,0.1091,0.47555,0.36268,0.05267,1
E01020337,0.19685,0.55619,0.20902,0.03794,1
E01020338,0.20684,0.59209,0.178,0.02307,1
E01020339,0.1558,0.5779,0.24396,0.02234,1
E01020340,0.16657,0.59099,0.22407,0.01838,1
E01020341,0.13815,0.50484,0.31762,0.03938,1
E01020342,0.18646,0.61111,0.18455,0.01788,1
E01032628,0.18394,0.55,0.22294,0.04312,1
E01032657,0.08442,0.76527,0.12491,0.02539,1
E01032658,0.0822,0.76893,0.12686,0.02201,1
E01033232,0.2064,0.71334,0.0688,0.01147,1
E01033233,0.0365,0.86945,0.07628,0.01777,1
E01033234,0.19154,0.6847,0.11878,0.00498,1
E01033235,0.09653,0.54054,0.28803,0.0749,1
E01033236,0.13943,0.48661,0.32225,0.05171,1
E07000040,0.15862,0.54192,0.25175,0.04771,1
E07000041,0.15227,0.69115,0.13044,0.02614,1
E07000042,0.18281,0.58665,0.19918,0.03137,1
E07000043,0.1718,0.57994,0.21368,0.03458,1
E07000044,0.15874,0.56737,0.23911,0.03478,1
E07000045,0.16331,0.57826,0.22007,0.03835,1
E07000046,0.16316,0.57181,0.23278,0.03225,1
E07000047,0.15987,0.57138,0.2333,0.03545,1
E10000008,0.16291,0.58938,0.212,0.03571,1
E06000026,0.17717,0.64451,0.15476,0.02356,1
E06000027,0.1674,0.57238,0.22301,0.03721,1
IMDQ1,0.18732,0.646,0.14327,0.02342,1
IMDQ2,0.17185,0.61447,0.18313,0.03055,1
IMDQ3,0.16081,0.5982,0.20873,0.03227,1
IMDQ4,0.16734,0.57506,0.21971,0.03789,1
IMDQ5,0.14596,0.56859,0.24303,0.04242,1
E02003122,0.16065,0.55291,0.25273,0.03372,1
E02003123,0.1992,0.60487,0.17639,0.01953,1
E02003124,0.21232,0.62489,0.142,0.02078,1
E02003125,0.16992,0.63528,0.17089,0.02391,1
E02003126,0.16068,0.62322,0.19279,0.0233,1
E02003127,0.22157,0.60929,0.15044,0.01869,1
E02003128,0.19877,0.6204,0.15695,0.02388,1
E02003129,0.20041,0.56414,0.20197,0.03348,1
E02003130,0.20199,0.63339,0.14649,0.01812,1
E02003131,0.18601,0.604,0.19131,0.01868,1
E02003132,0.19755,0.61887,0.15518,0.0284,1
E02003133,0.17584,0.61168,0.18872,0.02376,1
E02003134,0.21145,0.63436,0.13903,0.01516,1
E02003135,0.24701,0.64693,0.09721,0.00885,1
E02003136,0.15536,0.54943,0.24909,0.04612,1
E02003137,0.18021,0.57293,0.19554,0.05132,1
E02003138,0.191,0.68346,0.10777,0.01777,1
E02003139,0.21037,0.65427,0.12595,0.00942,1
E02003140,0.18641,0.58813,0.19503,0.03043,1
E02003141,0.16282,0.70282,0.11616,0.0182,1
E02003142,0.19579,0.63975,0.14139,0.02307,1
E02003143,0.17925,0.6177,0.17717,0.02587,1
E02003144,0.07359,0.84115,0.06797,0.01729,1
E02003145,0.15397,0.67352,0.14241,0.03011,1
E02003146,0.1387,0.77164,0.07758,0.01207,1
E02003147,0.22929,0.65989,0.10093,0.00989,1
E02003148,0.09113,0.79521,0.10093,0.01273,1
E02003149,0.16339,0.74047,0.08225,0.01389,1
E02003150,0.13982,0.71558,0.12368,0.02092,1
E02003151,0.14698,0.51563,0.28127,0.05612,1
E02003152,0.18429,0.57758,0.20909,0.02904,1
E02003153,0.19254,0.57787,0.19681,0.03278,1
E02003154,0.19523,0.56961,0.20979,0.02537,1
E02003155,0.16433,0.56541,0.21966,0.0506,1
E02003156,0.21586,0.61256,0.15031,0.02126,1
E02003157,0.18609,0.64013,0.15715,0.01663,1
E02003158,0.16327,0.54321,0.23691,0.05661,1
E02003159,0.2046,0.62555,0.15073,0.01913,1
E02003161,0.15871,0.66981,0.14539,0.02608,1
E02003163,0.08775,0.52366,0.32033,0.06825,1
E02003164,0.15669,0.54139,0.25497,0.04695,1
E02003165,0.19171,0.5721,0.20166,0.03453,1
E02003166,0.22025,0.5882,0.17303,0.01852,1
E02003167,0.13476,0.58362,0.22738,0.05425,1
E02003168,0.1409,0.55974,0.26453,0.03483,1
E02003169,0.11927,0.49562,0.32725,0.05785,1
E02003170,0.12757,0.52193,0.31031,0.04019,1
E02003171,0.15854,0.54611,0.25158,0.04376,1
E02004129,0.15283,0.52922,0.28058,0.03737,1
E02004130,0.14126,0.55468,0.2523,0.05176,1
E02004131,0.16788,0.57449,0.21421,0.04342,1
E02004132,0.1864,0.57366,0.21364,0.02629,1
E02004133,0.15905,0.54533,0.25141,0.0442,1
E02004134,0.23442,0.60318,0.14086,0.02155,1
E02004135,0.13925,0.51299,0.29692,0.05085,1
E02004136,0.17857,0.53934,0.2427,0.0394,1
E02004137,0.13268,0.50179,0.31705,0.04849,1
E02004138,0.1045,0.44727,0.36472,0.08352,1
E02004139,0.15081,0.50138,0.2881,0.05971,1
E02004140,0.09513,0.41956,0.37199,0.11332,1
E02004141,0.16139,0.56681,0.23473,0.03708,1
E02004142,0.14868,0.61882,0.20233,0.03017,1
E02004143,0.15641,0.57116,0.23986,0.03257,1
E02004144,0.17033,0.53557,0.2487,0.0454,1
E02004145,0.12517,0.4447,0.3543,0.07583,1
E02004146,0.19017,0.59827,0.18652,0.02504,1
E02004147,0.17332,0.65477,0.14588,0.02604,1
E02004148,0.1333,0.47914,0.29423,0.09334,1
E02004149,0.07451,0.78624,0.11673,0.02252,1
E02004150,0.18124,0.69839,0.10315,0.01722,1
E02004151,0.18435,0.61111,0.16712,0.03742,1
E02004152,0.06442,0.85394,0.06268,0.01897,1
E02004153,0.20264,0.67057,0.1166,0.01019,1
E02004154,0.1469,0.74186,0.09002,0.02122,1
E02004155,0.18729,0.61956,0.15954,0.03361,1
E02004156,0.08381,0.80635,0.08968,0.02016,1
E02004157,0.15804,0.66602,0.13774,0.0382,1
E02004158,0.182,0.68112,0.11356,0.02332,1
E02004159,0.19005,0.65351,0.14188,0.01457,1
E02004160,0.16083,0.60456,0.19249,0.04212,1
E02004161,0.19585,0.65836,0.12349,0.0223,1
E02004162,0.16078,0.65066,0.15218,0.03639,1
E02004163,0.16671,0.5592,0.22683,0.04726,1
E02004164,0.15358,0.57027,0.24333,0.03281,1
E02004165,0.1673,0.56495,0.22693,0.04082,1
E02004166,0.18091,0.57903,0.20859,0.03146,1
E02004167,0.23111,0.59804,0.1487,0.02214,1
E02004168,0.18851,0.59433,0.1869,0.03026,1
E02004169,0.18235,0.59076,0.19636,0.03053,1
E02004170,0.19245,0.61534,0.16433,0.02788,1
E02004171,0.18348,0.58088,0.20314,0.03251,1
E02004172,0.16505,0.58269,0.22372,0.02854,1
E02004173,0.17718,0.5819,0.21458,0.02633,1
E02004174,0.1843,0.59234,0.18315,0.04022,1
E02004175,0.17387,0.6046,0.19301,0.02852,1
E02004176,0.13168,0.55787,0.27024,0.04021,1
E02004177,0.17617,0.59167,0.198,0.03417,1
E02004178,0.17036,0.56257,0.23403,0.03304,1
E02004179,0.18571,0.57625,0.19893,0.03912,1
E02004180,0.17237,0.57514,0.21892,0.03356,1
E02004181,0.17619,0.59566,0.19652,0.03162,1
E02004182,0.19144,0.60601,0.17184,0.03071,1
E02004183,0.1515,0.5632,0.24149,0.04382,1
E02004184,0.21758,0.62408,0.13784,0.0205,1
E02004185,0.13629,0.52134,0.28939,0.05297,1
E02004186,0.17742,0.58817,0.20603,0.02838,1
E02004187,0.16742,0.5767,0.21981,0.03608,1
E02004188,0.14626,0.55529,0.26124,0.03721,1
E02004189,0.16442,0.65815,0.16361,0.01382,1
E02004190,0.16326,0.57949,0.22546,0.03179,1
E02004191,0.16267,0.58377,0.21681,0.03674,1
E02004192,0.14302,0.53974,0.2834,0.03385,1
E02004193,0.19427,0.60856,0.171,0.02617,1
E02004194,0.1801,0.57347,0.2152,0.03123,1
E02004195,0.12608,0.58226,0.24713,0.04454,1
E02004196,0.16717,0.55604,0.24578,0.03101,1
E02004197,0.13637,0.5161,0.30778,0.03975,1
E02004198,0.15745,0.56133,0.2289,0.05232,1
E02004199,0.13529,0.48962,0.33482,0.04026,1
E02004200,0.12943,0.50414,0.31797,0.04846,1
E02004201,0.14115,0.54969,0.27186,0.03729,1
E02004202,0.17997,0.59497,0.19124,0.03381,1
E02004203,0.1433,0.5612,0.25248,0.04301,1
E02004204,0.17276,0.58006,0.21329,0.03389,1
E02004205,0.16578,0.57581,0.22853,0.02988,1
E02004206,0.13004,0.52255,0.28728,0.06013,1
E02004207,0.17113,0.56145,0.23218,0.03523,1
E02004208,0.15712,0.54449,0.2576,0.04079,1
E02004209,0.16935,0.5999,0.1973,0.03344,1
E02004210,0.15119,0.58737,0.20462,0.05682,1
E02004211,0.12835,0.51828,0.29937,0.054,1
E02004212,0.18314,0.61468,0.17939,0.02279,1
E02004213,0.18008,0.64277,0.1434,0.03376,1
E02004214,0.19345,0.63826,0.13867,0.02961,1
E02004215,0.17696,0.58464,0.18515,0.05324,1
E02004216,0.15359,0.58249,0.23385,0.03008,1
E02004217,0.17369,0.59173,0.20401,0.03058,1
E02004218,0.1571,0.57206,0.24163,0.0292,1
E02004219,0.15826,0.54828,0.24642,0.04703,1
E02004220,0.1391,0.55119,0.27576,0.03396,1
E02004221,0.10977,0.50157,0.32603,0.06263,1
E02004222,0.17866,0.60622,0.18518,0.02994,1
E02004223,0.2076,0.60281,0.16976,0.01983,1
E02004224,0.14651,0.55587,0.25889,0.03872,1
E02004225,0.18541,0.58479,0.19748,0.03232,1
E02004226,0.146,0.56698,0.25918,0.02784,1
E02004227,0.16571,0.57657,0.22663,0.03108,1
E02004228,0.1477,0.56735,0.25583,0.02912,1
E02004229,0.16449,0.5854,0.2163,0.03381,1
E02004230,0.18473,0.57314,0.20515,0.03697,1
E02004231,0.13919,0.6002,0.23655,0.02405,1
E02004232,0.15959,0.57018,0.2393,0.03093,1
E02004233,0.16644,0.56202,0.23011,0.04143,1
E02004234,0.14203,0.55924,0.26232,0.03641,1
E02004235,0.15107,0.55009,0.25848,0.04036,1
E02006840,0.1918,0.57458,0.20386,0.02976,1
TOWN01,0.17369,0.59173,0.20401,0.03058,1
TOWN02,0.15121,0.53782,0.26795,0.04302,1
TOWN03,0.17982,0.58626,0.20102,0.0329,1
TOWN04,0.16313,0.56943,0.23304,0.03441,1
TOWN05,0.18151,0.57051,0.2083,0.03968,1
TOWN06,0.17621,0.58592,0.20586,0.03202,1
TOWN07,0.18915,0.59516,0.18643,0.02927,1
TOWN08,0.12759,0.55028,0.28286,0.03927,1
TOWN09,0.15059,0.55336,0.25224,0.04381,1
TOWN10,0.15773,0.67559,0.13979,0.0269,1
TOWN11,0.15865,0.56248,0.23277,0.0461,1
TOWN12,0.16373,0.58273,0.22275,0.03079,1
TOWN13,0.15808,0.57266,0.23901,0.03025,1
TOWN14,0.15461,0.55339,0.24923,0.04278,1
TOWN15,0.16784,0.58389,0.2169,0.03136,1
TOWN16,0.16973,0.58991,0.21378,0.02659,1
TOWN17,0.15244,0.53151,0.2706,0.04545,1
TOWN18,0.10075,0.58147,0.26928,0.04851,1
